pdb.id	chain.id	vector.type	x	y	z
302TIL_B5801_9_TCR-pMHC.pdb	P	CM	139.26064	35.68769	157.57133
302TIL_B5801_9_TCR-pMHC.pdb	P	PR1	0.27565563	-0.9456108	0.17272559
302TIL_B5801_9_TCR-pMHC.pdb	P	PR2	-0.8486356	-0.1550044	0.50575805
302TIL_B5801_9_TCR-pMHC.pdb	P	PR3	-0.45147708	-0.28599614	-0.84520686
302TIL_B5801_9_TCR-pMHC.pdb	P	I	47718.668	4793.455	45711.02
302TIL_B5801_9_TCR-pMHC.pdb	A	CM	118.17933	32.072388	141.09648
302TIL_B5801_9_TCR-pMHC.pdb	A	PR1	-0.90946543	-0.2794671	0.30784857
302TIL_B5801_9_TCR-pMHC.pdb	A	PR2	0.29838774	0.07691592	0.9513405
302TIL_B5801_9_TCR-pMHC.pdb	A	PR3	-0.28954682	0.9570695	0.013437182
302TIL_B5801_9_TCR-pMHC.pdb	A	I	1861196.6	852265.75	1722311.2
302TIL_B5801_9_TCR-pMHC.pdb	B	CM	134.21832	16.721956	142.98422
302TIL_B5801_9_TCR-pMHC.pdb	B	PR1	-0.9755178	0.21124792	0.061149776
302TIL_B5801_9_TCR-pMHC.pdb	B	PR2	0.21816498	0.89450735	0.39020583
302TIL_B5801_9_TCR-pMHC.pdb	B	PR3	0.027731247	0.3939935	-0.9186948
302TIL_B5801_9_TCR-pMHC.pdb	B	I	1703968.4	898787.56	1665206.6
302TIL_B5801_9_TCR-pMHC.pdb	M	CM	139.19325	38.51063	164.04233
302TIL_B5801_9_TCR-pMHC.pdb	M	PR1	0.285552	0.6293314	0.72277385
302TIL_B5801_9_TCR-pMHC.pdb	M	PR2	-0.9203576	-0.03020151	0.38990992
302TIL_B5801_9_TCR-pMHC.pdb	M	PR3	0.2672114	-0.77655	0.57058585
302TIL_B5801_9_TCR-pMHC.pdb	M	I	4935769.5	2469003.0	3776834.0
302TIL_C0303_10_TCR-pMHC.pdb	P	CM	-35.55041	-5.782107	-39.076687
302TIL_C0303_10_TCR-pMHC.pdb	P	PR1	-0.5466212	0.6327733	0.5484553
302TIL_C0303_10_TCR-pMHC.pdb	P	PR2	-0.37159833	-0.7702441	0.5183037
302TIL_C0303_10_TCR-pMHC.pdb	P	PR3	0.7504132	0.079510696	0.65616924
302TIL_C0303_10_TCR-pMHC.pdb	P	I	55310.625	8809.296	50304.28
302TIL_C0303_10_TCR-pMHC.pdb	A	CM	-54.6592	-8.441998	-54.347305
302TIL_C0303_10_TCR-pMHC.pdb	A	PR1	-0.6881436	-0.64450353	0.33327708
302TIL_C0303_10_TCR-pMHC.pdb	A	PR2	0.6229377	-0.2892732	0.7268216
302TIL_C0303_10_TCR-pMHC.pdb	A	PR3	-0.37203097	0.7077685	0.600547
302TIL_C0303_10_TCR-pMHC.pdb	A	I	1845606.4	831301.8	1689136.4
302TIL_C0303_10_TCR-pMHC.pdb	B	CM	-36.529053	-15.301738	-64.30224
302TIL_C0303_10_TCR-pMHC.pdb	B	PR1	-0.6179201	-0.46766618	0.63203096
302TIL_C0303_10_TCR-pMHC.pdb	B	PR2	0.13472106	0.728997	0.67112863
302TIL_C0303_10_TCR-pMHC.pdb	B	PR3	-0.7746128	0.49985173	-0.3874574
302TIL_C0303_10_TCR-pMHC.pdb	B	I	1752241.6	893138.5	1707528.0
302TIL_C0303_10_TCR-pMHC.pdb	M	CM	-30.70072	-6.6366477	-32.442905
302TIL_C0303_10_TCR-pMHC.pdb	M	PR1	0.6129025	0.21079633	0.76152176
302TIL_C0303_10_TCR-pMHC.pdb	M	PR2	-0.46092466	-0.6874174	0.5612538
302TIL_C0303_10_TCR-pMHC.pdb	M	PR3	0.64179355	-0.694998	-0.32415864
302TIL_C0303_10_TCR-pMHC.pdb	M	I	4948871.0	2524467.2	3820009.2
302TIL_A0206_9_TCR-pMHC.pdb	P	CM	54.879757	8.009092	83.87652
302TIL_A0206_9_TCR-pMHC.pdb	P	PR1	-0.32634172	-0.88613963	0.32902527
302TIL_A0206_9_TCR-pMHC.pdb	P	PR2	-0.43859205	0.45029595	0.7777343
302TIL_A0206_9_TCR-pMHC.pdb	P	PR3	-0.8373399	0.10949928	-0.5356042
302TIL_A0206_9_TCR-pMHC.pdb	P	I	48213.25	5734.208	45288.453
302TIL_A0206_9_TCR-pMHC.pdb	A	CM	77.29199	3.823981	90.42545
302TIL_A0206_9_TCR-pMHC.pdb	A	PR1	-0.55225813	0.5345242	0.63976157
302TIL_A0206_9_TCR-pMHC.pdb	A	PR2	0.73498905	-0.04999655	0.67623323
302TIL_A0206_9_TCR-pMHC.pdb	A	PR3	0.3934489	0.84367305	-0.36525843
302TIL_A0206_9_TCR-pMHC.pdb	A	I	1868911.9	845681.6	1710403.9
302TIL_A0206_9_TCR-pMHC.pdb	B	CM	61.653927	-10.431669	99.63565
302TIL_A0206_9_TCR-pMHC.pdb	B	PR1	-0.45791173	-0.052900743	0.8874223
302TIL_A0206_9_TCR-pMHC.pdb	B	PR2	0.410537	-0.89799684	0.15830682
302TIL_A0206_9_TCR-pMHC.pdb	B	PR3	0.7885279	0.43681023	0.432921
302TIL_A0206_9_TCR-pMHC.pdb	B	I	1745728.4	912093.5	1710812.6
302TIL_A0206_9_TCR-pMHC.pdb	M	CM	50.59097	8.7340765	77.78562
302TIL_A0206_9_TCR-pMHC.pdb	M	PR1	0.7039231	-0.38310334	0.59810036
302TIL_A0206_9_TCR-pMHC.pdb	M	PR2	-0.5248773	0.2867551	0.8014208
302TIL_A0206_9_TCR-pMHC.pdb	M	PR3	-0.47853535	-0.878068	7.713206E-4
302TIL_A0206_9_TCR-pMHC.pdb	M	I	5042290.0	2503519.0	3769997.2
302TIL_B3501_9_TCR-pMHC.pdb	P	CM	141.45142	34.505123	157.80954
302TIL_B3501_9_TCR-pMHC.pdb	P	PR1	0.49480936	-0.8468205	0.1950865
302TIL_B3501_9_TCR-pMHC.pdb	P	PR2	-0.7571117	-0.30990186	0.5751023
302TIL_B3501_9_TCR-pMHC.pdb	P	PR3	-0.42655078	-0.4322683	-0.79448
302TIL_B3501_9_TCR-pMHC.pdb	P	I	48848.45	5455.701	46971.15
302TIL_B3501_9_TCR-pMHC.pdb	A	CM	115.89191	27.517965	146.12119
302TIL_B3501_9_TCR-pMHC.pdb	A	PR1	-0.68208367	-0.5695006	0.45872748
302TIL_B3501_9_TCR-pMHC.pdb	A	PR2	0.51425546	0.07243327	0.85457283
302TIL_B3501_9_TCR-pMHC.pdb	A	PR3	-0.51990694	0.8187933	0.24346328
302TIL_B3501_9_TCR-pMHC.pdb	A	I	1857751.0	847726.25	1715923.4
302TIL_B3501_9_TCR-pMHC.pdb	B	CM	135.80046	17.551407	140.96188
302TIL_B3501_9_TCR-pMHC.pdb	B	PR1	-0.75137174	-0.2386986	0.61519384
302TIL_B3501_9_TCR-pMHC.pdb	B	PR2	0.12659256	0.8628246	0.48939553
302TIL_B3501_9_TCR-pMHC.pdb	B	PR3	-0.6476224	0.44559696	-0.6180846
302TIL_B3501_9_TCR-pMHC.pdb	B	I	1728158.4	889500.3	1678746.8
302TIL_B3501_9_TCR-pMHC.pdb	M	CM	141.74162	36.56833	164.70602
302TIL_B3501_9_TCR-pMHC.pdb	M	PR1	0.30422875	0.5674763	0.7651245
302TIL_B3501_9_TCR-pMHC.pdb	M	PR2	-0.8521073	-0.19695634	0.4848931
302TIL_B3501_9_TCR-pMHC.pdb	M	PR3	0.42586148	-0.79948664	0.42363092
302TIL_B3501_9_TCR-pMHC.pdb	M	I	4902380.5	2438216.2	3780662.5
302TIL_A0206_10_TCR-pMHC.pdb	P	CM	-7.778583	-24.255045	141.67548
302TIL_A0206_10_TCR-pMHC.pdb	P	PR1	-0.7632289	0.5927601	0.25713247
302TIL_A0206_10_TCR-pMHC.pdb	P	PR2	0.63670814	0.62227374	0.4553879
302TIL_A0206_10_TCR-pMHC.pdb	P	PR3	0.10992897	0.5112835	-0.8523525
302TIL_A0206_10_TCR-pMHC.pdb	P	I	56834.465	8242.364	51965.73
302TIL_A0206_10_TCR-pMHC.pdb	A	CM	-12.890474	-43.804905	158.57907
302TIL_A0206_10_TCR-pMHC.pdb	A	PR1	0.6738606	0.6561736	0.33962938
302TIL_A0206_10_TCR-pMHC.pdb	A	PR2	-0.01611208	-0.44650817	0.8946345
302TIL_A0206_10_TCR-pMHC.pdb	A	PR3	0.7386828	-0.6083311	-0.29031193
302TIL_A0206_10_TCR-pMHC.pdb	A	I	1861110.1	848775.2	1696098.9
302TIL_A0206_10_TCR-pMHC.pdb	B	CM	-22.307484	-23.374163	162.08626
302TIL_A0206_10_TCR-pMHC.pdb	B	PR1	0.17039558	0.7820418	0.5994798
302TIL_A0206_10_TCR-pMHC.pdb	B	PR2	-0.9176002	-0.09579714	0.38578847
302TIL_A0206_10_TCR-pMHC.pdb	B	PR3	0.35913116	-0.61581945	0.70127827
302TIL_A0206_10_TCR-pMHC.pdb	B	I	1739959.2	906490.3	1697518.6
302TIL_A0206_10_TCR-pMHC.pdb	M	CM	-8.1239805	-22.348299	133.73463
302TIL_A0206_10_TCR-pMHC.pdb	M	PR1	-0.30695164	-0.37018067	0.8767822
302TIL_A0206_10_TCR-pMHC.pdb	M	PR2	0.5245151	0.70292056	0.48040253
302TIL_A0206_10_TCR-pMHC.pdb	M	PR3	-0.794144	0.6073458	-0.021597268
302TIL_A0206_10_TCR-pMHC.pdb	M	I	5033854.0	2515475.5	3804189.8
302TIL_B3501_10_TCR-pMHC.pdb	P	CM	-35.13994	-1.8497267	-39.973797
302TIL_B3501_10_TCR-pMHC.pdb	P	PR1	-0.3557516	0.6426198	0.6785872
302TIL_B3501_10_TCR-pMHC.pdb	P	PR2	-0.47426978	-0.7497828	0.4614043
302TIL_B3501_10_TCR-pMHC.pdb	P	PR3	0.80530053	-0.15768808	0.57151157
302TIL_B3501_10_TCR-pMHC.pdb	P	I	53661.6	8911.126	48686.496
302TIL_B3501_10_TCR-pMHC.pdb	A	CM	-57.49828	-7.618869	-52.237373
302TIL_B3501_10_TCR-pMHC.pdb	A	PR1	-0.40796754	-0.798853	0.4420366
302TIL_B3501_10_TCR-pMHC.pdb	A	PR2	0.7188098	0.017473446	0.6949872
302TIL_B3501_10_TCR-pMHC.pdb	A	PR3	-0.5629165	0.60127246	0.56709474
302TIL_B3501_10_TCR-pMHC.pdb	A	I	1834239.0	840173.0	1708948.2
302TIL_B3501_10_TCR-pMHC.pdb	B	CM	-37.866245	-12.76043	-62.609787
302TIL_B3501_10_TCR-pMHC.pdb	B	PR1	-0.3535925	-0.46082953	0.8140077
302TIL_B3501_10_TCR-pMHC.pdb	B	PR2	0.0914147	0.8490348	0.5203684
302TIL_B3501_10_TCR-pMHC.pdb	B	PR3	-0.930922	0.2584106	-0.25808573
302TIL_B3501_10_TCR-pMHC.pdb	B	I	1760989.6	914248.7	1716533.0
302TIL_B3501_10_TCR-pMHC.pdb	M	CM	-30.532682	-3.822366	-33.577362
302TIL_B3501_10_TCR-pMHC.pdb	M	PR1	0.57824403	0.14135109	0.8035258
302TIL_B3501_10_TCR-pMHC.pdb	M	PR2	-0.5606858	-0.646606	0.51723504
302TIL_B3501_10_TCR-pMHC.pdb	M	PR3	0.59267634	-0.7496136	-0.2946425
302TIL_B3501_10_TCR-pMHC.pdb	M	I	4935819.0	2440750.2	3768518.2
302TIL_C0303_9_TCR-pMHC.pdb	P	CM	138.81874	35.604145	160.18385
302TIL_C0303_9_TCR-pMHC.pdb	P	PR1	0.47601464	-0.7265238	0.4955534
302TIL_C0303_9_TCR-pMHC.pdb	P	PR2	-0.82064897	-0.16439539	0.54727453
302TIL_C0303_9_TCR-pMHC.pdb	P	PR3	-0.31614128	-0.6671861	-0.67447567
302TIL_C0303_9_TCR-pMHC.pdb	P	I	47215.3	5353.882	45483.24
302TIL_C0303_9_TCR-pMHC.pdb	A	CM	116.59841	33.65151	144.95917
302TIL_C0303_9_TCR-pMHC.pdb	A	PR1	-0.8985144	-0.29800606	0.32227984
302TIL_C0303_9_TCR-pMHC.pdb	A	PR2	0.34559834	-0.027631747	0.93797565
302TIL_C0303_9_TCR-pMHC.pdb	A	PR3	-0.27061728	0.95416397	0.12781793
302TIL_C0303_9_TCR-pMHC.pdb	A	I	1874061.9	841325.75	1727210.4
302TIL_C0303_9_TCR-pMHC.pdb	B	CM	132.48978	18.162382	144.48468
302TIL_C0303_9_TCR-pMHC.pdb	B	PR1	-0.964159	0.20849217	0.16409895
302TIL_C0303_9_TCR-pMHC.pdb	B	PR2	0.26052344	0.86105627	0.43670312
302TIL_C0303_9_TCR-pMHC.pdb	B	PR3	-0.05024925	0.46380284	-0.88451225
302TIL_C0303_9_TCR-pMHC.pdb	B	I	1714616.6	886489.44	1673122.5
302TIL_C0303_9_TCR-pMHC.pdb	M	CM	138.79774	38.369026	166.62036
302TIL_C0303_9_TCR-pMHC.pdb	M	PR1	0.31879306	0.5975953	0.73569757
302TIL_C0303_9_TCR-pMHC.pdb	M	PR2	-0.90111756	-0.04956355	0.43073267
302TIL_C0303_9_TCR-pMHC.pdb	M	PR3	0.2938676	-0.80026454	0.52270305
302TIL_C0303_9_TCR-pMHC.pdb	M	I	4965544.5	2490229.2	3835121.2
