pdb.id	chain.id	vector.type	x	y	z
26990_TCR-pMHC.pdb	P	CM	23.898392	-3.4510543	36.74732
26990_TCR-pMHC.pdb	P	PR1	-0.1998635	0.94646	0.2535114
26990_TCR-pMHC.pdb	P	PR2	0.30674994	-0.18528552	0.9335811
26990_TCR-pMHC.pdb	P	PR3	0.93056923	0.2643534	-0.25329474
26990_TCR-pMHC.pdb	P	I	49967.957	5255.418	47179.066
26990_TCR-pMHC.pdb	A	CM	3.2350671	-10.5767145	40.766
26990_TCR-pMHC.pdb	A	PR1	0.77490336	-0.5406551	0.32743993
26990_TCR-pMHC.pdb	A	PR2	-0.62668633	-0.5896355	0.5095039
26990_TCR-pMHC.pdb	A	PR3	-0.08239564	-0.6000184	-0.79573166
26990_TCR-pMHC.pdb	A	I	1676304.1	838738.2	1508571.8
26990_TCR-pMHC.pdb	B	CM	11.492452	5.430185	54.35421
26990_TCR-pMHC.pdb	B	PR1	0.17530371	-0.34737945	0.92119277
26990_TCR-pMHC.pdb	B	PR2	-0.74233556	0.56797385	0.3554485
26990_TCR-pMHC.pdb	B	PR3	-0.64668894	-0.7461456	-0.15830418
26990_TCR-pMHC.pdb	B	I	1610916.1	871286.94	1580797.4
26990_TCR-pMHC.pdb	M	CM	29.628452	-2.152601	32.097374
26990_TCR-pMHC.pdb	M	PR1	-0.95297146	0.039659616	0.30045375
26990_TCR-pMHC.pdb	M	PR2	0.2987006	-0.04463455	0.9533025
26990_TCR-pMHC.pdb	M	PR3	0.051218234	0.99821585	0.030689104
26990_TCR-pMHC.pdb	M	I	5004129.5	2533381.0	3777818.0
26996_TCR-pMHC.pdb	P	CM	21.92076	-3.7347574	36.337902
26996_TCR-pMHC.pdb	P	PR1	-0.057834066	0.9792872	0.19404083
26996_TCR-pMHC.pdb	P	PR2	0.37536648	-0.15877317	0.91317636
26996_TCR-pMHC.pdb	P	PR3	0.9250704	0.12564912	-0.35840908
26996_TCR-pMHC.pdb	P	I	49012.355	5464.7026	46300.746
26996_TCR-pMHC.pdb	A	CM	-0.26906148	-8.781697	43.35829
26996_TCR-pMHC.pdb	A	PR1	0.6576262	-0.41683438	0.62751645
26996_TCR-pMHC.pdb	A	PR2	-0.75155	-0.3055481	0.58464766
26996_TCR-pMHC.pdb	A	PR3	-0.051964797	-0.85608965	-0.5142083
26996_TCR-pMHC.pdb	A	I	1573465.9	753267.4	1417561.5
26996_TCR-pMHC.pdb	B	CM	10.327116	9.717756	53.41152
26996_TCR-pMHC.pdb	B	PR1	0.14675058	-0.043867692	0.9882003
26996_TCR-pMHC.pdb	B	PR2	-0.7194099	0.68092835	0.13706186
26996_TCR-pMHC.pdb	B	PR3	-0.6789062	-0.731035	0.06836778
26996_TCR-pMHC.pdb	B	I	1572724.6	890596.25	1517443.5
26996_TCR-pMHC.pdb	M	CM	27.530306	-2.9190786	31.270542
26996_TCR-pMHC.pdb	M	PR1	-0.92265886	0.075148866	0.37822387
26996_TCR-pMHC.pdb	M	PR2	0.379603	0.0044508786	0.9251388
26996_TCR-pMHC.pdb	M	PR3	0.067839704	0.9971624	-0.032633375
26996_TCR-pMHC.pdb	M	I	5024938.5	2527753.5	3762664.2
26992_TCR-pMHC.pdb	P	CM	24.158009	-2.8017662	36.762215
26992_TCR-pMHC.pdb	P	PR1	-0.122893214	0.91161084	0.3922537
26992_TCR-pMHC.pdb	P	PR2	0.41824627	-0.31085956	0.85348487
26992_TCR-pMHC.pdb	P	PR3	0.89998186	0.26894614	-0.34307528
26992_TCR-pMHC.pdb	P	I	48670.777	5844.1553	45439.465
26992_TCR-pMHC.pdb	A	CM	1.3920425	-13.423449	43.11448
26992_TCR-pMHC.pdb	A	PR1	0.8249482	-0.42001793	0.3782134
26992_TCR-pMHC.pdb	A	PR2	-0.5533533	-0.46384472	0.6918441
26992_TCR-pMHC.pdb	A	PR3	-0.11515463	-0.7800212	-0.6150662
26992_TCR-pMHC.pdb	A	I	1857076.1	832725.9	1683411.4
26992_TCR-pMHC.pdb	B	CM	11.787692	6.1148305	53.590477
26992_TCR-pMHC.pdb	B	PR1	-0.037819088	-0.47435206	0.8795225
26992_TCR-pMHC.pdb	B	PR2	-0.79703724	0.545206	0.25977316
26992_TCR-pMHC.pdb	B	PR3	-0.6027449	-0.6911878	-0.39869544
26992_TCR-pMHC.pdb	B	I	1563929.5	930453.94	1514571.2
26992_TCR-pMHC.pdb	M	CM	29.636692	-0.8873578	31.647682
26992_TCR-pMHC.pdb	M	PR1	-0.9043296	-0.03338445	0.42552722
26992_TCR-pMHC.pdb	M	PR2	0.42554858	-0.14785333	0.89277536
26992_TCR-pMHC.pdb	M	PR3	0.033110805	0.9884457	0.14791486
26992_TCR-pMHC.pdb	M	I	5036213.0	2547090.0	3767212.8
27008_TCR-pMHC.pdb	P	CM	22.885263	-1.4032093	35.78209
27008_TCR-pMHC.pdb	P	PR1	0.15942803	0.9509566	0.2650741
27008_TCR-pMHC.pdb	P	PR2	0.31040007	-0.30317742	0.9009635
27008_TCR-pMHC.pdb	P	PR3	0.93714166	-0.06135981	-0.34351197
27008_TCR-pMHC.pdb	P	I	47597.414	6006.2925	44553.062
27008_TCR-pMHC.pdb	A	CM	-0.8245642	-10.360456	43.695724
27008_TCR-pMHC.pdb	A	PR1	0.7781221	-0.10358252	0.6195132
27008_TCR-pMHC.pdb	A	PR2	-0.62781096	-0.15884148	0.7619861
27008_TCR-pMHC.pdb	A	PR3	0.019475948	-0.9818554	-0.1886283
27008_TCR-pMHC.pdb	A	I	2101124.5	916863.6	1918901.4
27008_TCR-pMHC.pdb	B	CM	8.951817	9.629685	48.84935
27008_TCR-pMHC.pdb	B	PR1	0.0999546	-0.016871523	0.99484897
27008_TCR-pMHC.pdb	B	PR2	-0.75588304	0.64890724	0.08694992
27008_TCR-pMHC.pdb	B	PR3	-0.64703166	-0.76068044	0.052108362
27008_TCR-pMHC.pdb	B	I	1567949.9	882265.9	1541581.9
27008_TCR-pMHC.pdb	M	CM	28.61952	-1.9642338	30.751364
27008_TCR-pMHC.pdb	M	PR1	-0.87489986	0.28262436	0.3932858
27008_TCR-pMHC.pdb	M	PR2	0.3683931	-0.1387789	0.91925347
27008_TCR-pMHC.pdb	M	PR3	0.31438318	0.9491385	0.01730078
27008_TCR-pMHC.pdb	M	I	5038378.0	2549393.8	3730470.0
27005_TCR-pMHC.pdb	P	CM	30.348894	-22.157335	30.04654
27005_TCR-pMHC.pdb	P	PR1	-0.74454623	0.34840524	0.56944245
27005_TCR-pMHC.pdb	P	PR2	0.5953585	0.73242384	0.3303083
27005_TCR-pMHC.pdb	P	PR3	-0.30199212	0.5849522	-0.75274944
27005_TCR-pMHC.pdb	P	I	48690.953	5984.5977	45459.875
27005_TCR-pMHC.pdb	A	CM	43.808437	-35.44774	46.24856
27005_TCR-pMHC.pdb	A	PR1	0.124384366	0.99222946	0.0030341223
27005_TCR-pMHC.pdb	A	PR2	0.565575	-0.07341143	0.82142293
27005_TCR-pMHC.pdb	A	PR3	0.8152628	-0.10045615	-0.5703114
27005_TCR-pMHC.pdb	A	I	2047588.4	908851.8	1865440.4
27005_TCR-pMHC.pdb	B	CM	26.318748	-22.051863	54.83695
27005_TCR-pMHC.pdb	B	PR1	0.60947263	0.6288066	0.48285127
27005_TCR-pMHC.pdb	B	PR2	-0.3477031	-0.3353375	0.8755863
27005_TCR-pMHC.pdb	B	PR3	0.7124926	-0.70153475	0.014258965
27005_TCR-pMHC.pdb	B	I	1646765.6	891314.1	1578694.6
27005_TCR-pMHC.pdb	M	CM	26.838263	-20.038809	23.61334
27005_TCR-pMHC.pdb	M	PR1	0.19051836	-0.52709574	0.8281744
27005_TCR-pMHC.pdb	M	PR2	0.44153267	0.7994894	0.40726605
27005_TCR-pMHC.pdb	M	PR3	-0.87678486	0.28807437	0.38504738
27005_TCR-pMHC.pdb	M	I	5045997.0	2510798.5	3765900.8
26995_TCR-pMHC.pdb	P	CM	35.1097	2.462307	-20.087145
26995_TCR-pMHC.pdb	P	PR1	-0.76683074	0.64180464	0.0075742635
26995_TCR-pMHC.pdb	P	PR2	-0.59772015	-0.718359	0.35593677
26995_TCR-pMHC.pdb	P	PR3	0.23388292	0.26841596	0.93447936
26995_TCR-pMHC.pdb	P	I	49048.344	5506.679	46283.31
26995_TCR-pMHC.pdb	A	CM	26.870836	-3.4034355	-44.013405
26995_TCR-pMHC.pdb	A	PR1	0.5524106	0.8335217	0.009167355
26995_TCR-pMHC.pdb	A	PR2	-0.12081974	0.0691812	0.99026084
26995_TCR-pMHC.pdb	A	PR3	0.82476974	-0.54813814	0.1389223
26995_TCR-pMHC.pdb	A	I	1553878.1	787164.06	1446838.9
26995_TCR-pMHC.pdb	B	CM	47.34397	-13.003112	-35.75688
26995_TCR-pMHC.pdb	B	PR1	-0.9783479	-0.09336623	0.18471092
26995_TCR-pMHC.pdb	B	PR2	-0.007533382	0.9079384	0.41903594
26995_TCR-pMHC.pdb	B	PR3	-0.20682995	0.40857145	-0.888983
26995_TCR-pMHC.pdb	B	I	1688385.9	867846.8	1607123.8
26995_TCR-pMHC.pdb	M	CM	34.599705	3.0200016	-12.772139
26995_TCR-pMHC.pdb	M	PR1	0.042483903	0.4306819	0.9015033
26995_TCR-pMHC.pdb	M	PR2	-0.7322883	-0.60040814	0.321347
26995_TCR-pMHC.pdb	M	PR3	0.67966825	-0.6738124	0.28987566
26995_TCR-pMHC.pdb	M	I	5032049.5	2532226.5	3768449.8
27003_TCR-pMHC.pdb	P	CM	136.70699	36.62342	158.33702
27003_TCR-pMHC.pdb	P	PR1	0.3938231	-0.9182993	0.04037029
27003_TCR-pMHC.pdb	P	PR2	-0.7367198	-0.289077	0.6112924
27003_TCR-pMHC.pdb	P	PR3	-0.5496793	-0.27048266	-0.7903745
27003_TCR-pMHC.pdb	P	I	48123.957	5279.433	45737.97
27003_TCR-pMHC.pdb	A	CM	119.66632	33.850124	138.63104
27003_TCR-pMHC.pdb	A	PR1	-0.8996434	-0.37778828	0.2189012
27003_TCR-pMHC.pdb	A	PR2	0.102557614	0.3044825	0.94698066
27003_TCR-pMHC.pdb	A	PR3	-0.42440978	0.8743949	-0.2351806
27003_TCR-pMHC.pdb	A	I	1629099.2	785302.56	1479571.1
27003_TCR-pMHC.pdb	B	CM	136.01309	17.168919	145.37665
27003_TCR-pMHC.pdb	B	PR1	-0.6450468	0.08123562	0.7598128
27003_TCR-pMHC.pdb	B	PR2	0.39475504	0.8868012	0.2403166
27003_TCR-pMHC.pdb	B	PR3	-0.6542806	0.45495537	-0.6040964
27003_TCR-pMHC.pdb	B	I	1801173.2	887192.0	1772010.2
27003_TCR-pMHC.pdb	M	CM	137.75394	38.49699	165.08904
27003_TCR-pMHC.pdb	M	PR1	0.38974503	0.541962	0.7445643
27003_TCR-pMHC.pdb	M	PR2	-0.8208446	-0.16210027	0.54766566
27003_TCR-pMHC.pdb	M	PR3	0.41750807	-0.82462156	0.3816888
27003_TCR-pMHC.pdb	M	I	5047448.0	2497564.5	3780813.2
26993_TCR-pMHC.pdb	P	CM	17.735771	9.908996	46.704548
26993_TCR-pMHC.pdb	P	PR1	0.55360883	0.6053009	0.5719511
26993_TCR-pMHC.pdb	P	PR2	0.4329148	-0.79588586	0.4232617
26993_TCR-pMHC.pdb	P	PR3	0.7114085	0.013284686	-0.70265317
26993_TCR-pMHC.pdb	P	I	49448.18	5705.7993	46062.496
26993_TCR-pMHC.pdb	A	CM	-2.0539434	13.263382	60.045353
26993_TCR-pMHC.pdb	A	PR1	0.55496466	-0.8165535	0.1589173
26993_TCR-pMHC.pdb	A	PR2	-0.55935717	-0.22488824	0.7978376
26993_TCR-pMHC.pdb	A	PR3	-0.61573845	-0.5316632	-0.58155
26993_TCR-pMHC.pdb	A	I	1574461.6	776721.06	1470869.6
26993_TCR-pMHC.pdb	B	CM	18.779148	19.742498	69.44925
26993_TCR-pMHC.pdb	B	PR1	0.47299924	-0.5090212	0.7191447
26993_TCR-pMHC.pdb	B	PR2	-0.17087254	0.7477295	0.6416411
26993_TCR-pMHC.pdb	B	PR3	-0.8643346	-0.42637783	0.26669773
26993_TCR-pMHC.pdb	B	I	1792485.6	946930.6	1753634.2
26993_TCR-pMHC.pdb	M	CM	20.892004	11.258153	40.035854
26993_TCR-pMHC.pdb	M	PR1	-0.5086044	0.19313945	0.8390582
26993_TCR-pMHC.pdb	M	PR2	0.5573919	-0.66888714	0.49183768
26993_TCR-pMHC.pdb	M	PR3	0.6562285	0.71783507	0.23254456
26993_TCR-pMHC.pdb	M	I	5024015.0	2513988.0	3787481.8
27009_TCR-pMHC.pdb	P	CM	24.31854	-2.0237362	36.32564
27009_TCR-pMHC.pdb	P	PR1	0.2134631	0.92386746	0.31765136
27009_TCR-pMHC.pdb	P	PR2	0.37521645	-0.37773818	0.8464789
27009_TCR-pMHC.pdb	P	PR3	0.9020234	-0.061503995	-0.42728344
27009_TCR-pMHC.pdb	P	I	48522.156	6307.0396	45039.16
27009_TCR-pMHC.pdb	A	CM	3.3222969	-13.501233	45.41509
27009_TCR-pMHC.pdb	A	PR1	0.8104077	0.027862582	0.5852034
27009_TCR-pMHC.pdb	A	PR2	-0.5599168	-0.25715116	0.7876335
27009_TCR-pMHC.pdb	A	PR3	0.17243123	-0.96596944	-0.19279654
27009_TCR-pMHC.pdb	A	I	1983998.6	898021.9	1796588.0
27009_TCR-pMHC.pdb	B	CM	10.620287	7.364506	51.006683
27009_TCR-pMHC.pdb	B	PR1	0.43518677	0.5034338	0.7464361
27009_TCR-pMHC.pdb	B	PR2	-0.8272798	0.55074066	0.11087316
27009_TCR-pMHC.pdb	B	PR3	-0.35527542	-0.66576207	0.6561557
27009_TCR-pMHC.pdb	B	I	1588170.2	873222.44	1556603.0
27009_TCR-pMHC.pdb	M	CM	30.076658	-1.9186251	31.014574
27009_TCR-pMHC.pdb	M	PR1	-0.8716371	0.19742277	0.44863462
27009_TCR-pMHC.pdb	M	PR2	0.41129345	-0.20328674	0.888545
27009_TCR-pMHC.pdb	M	PR3	0.2666205	0.95900923	0.09599356
27009_TCR-pMHC.pdb	M	I	5035762.0	2514072.8	3766095.5
26998_TCR-pMHC.pdb	P	CM	16.86875	14.071054	45.56662
26998_TCR-pMHC.pdb	P	PR1	0.7105174	0.29663968	0.63809866
26998_TCR-pMHC.pdb	P	PR2	0.040936433	-0.9226917	0.38335907
26998_TCR-pMHC.pdb	P	PR3	0.7024879	-0.24626182	-0.66773194
26998_TCR-pMHC.pdb	P	I	49105.77	5807.51	46045.754
26998_TCR-pMHC.pdb	A	CM	-5.8725224	15.908061	59.02966
26998_TCR-pMHC.pdb	A	PR1	0.43326315	-0.8754046	0.21435905
26998_TCR-pMHC.pdb	A	PR2	-0.6059127	-0.10684826	0.78832304
26998_TCR-pMHC.pdb	A	PR3	-0.66719776	-0.4714342	-0.5767122
26998_TCR-pMHC.pdb	A	I	1653315.9	786211.56	1506077.9
26998_TCR-pMHC.pdb	B	CM	15.526493	19.452244	69.54931
26998_TCR-pMHC.pdb	B	PR1	0.43634418	-0.62260014	0.6495943
26998_TCR-pMHC.pdb	B	PR2	-0.12555897	0.6727523	0.729136
26998_TCR-pMHC.pdb	B	PR3	-0.89097625	-0.39971665	0.21537852
26998_TCR-pMHC.pdb	B	I	1707906.9	860481.6	1624352.1
26998_TCR-pMHC.pdb	M	CM	21.188206	14.105207	39.499435
26998_TCR-pMHC.pdb	M	PR1	-0.5090445	0.34793937	0.7872813
26998_TCR-pMHC.pdb	M	PR2	0.17791511	-0.8523703	0.49174282
26998_TCR-pMHC.pdb	M	PR3	0.84215194	0.39038825	0.3719908
26998_TCR-pMHC.pdb	M	I	5044215.0	2531078.8	3759076.5
27010_TCR-pMHC.pdb	P	CM	18.78343	11.657783	46.21699
27010_TCR-pMHC.pdb	P	PR1	0.6503094	0.52462065	0.54942775
27010_TCR-pMHC.pdb	P	PR2	0.27721518	-0.8372539	0.471336
27010_TCR-pMHC.pdb	P	PR3	0.70728314	-0.15420449	-0.6899069
27010_TCR-pMHC.pdb	P	I	48664.09	5513.4683	45574.61
27010_TCR-pMHC.pdb	A	CM	-1.6216308	17.1857	56.49294
27010_TCR-pMHC.pdb	A	PR1	0.59745836	-0.79951763	0.061766118
27010_TCR-pMHC.pdb	A	PR2	-0.536586	-0.34135798	0.771719
27010_TCR-pMHC.pdb	A	PR3	-0.5959186	-0.4942128	-0.63295716
27010_TCR-pMHC.pdb	A	I	1816772.9	858654.2	1658731.0
27010_TCR-pMHC.pdb	B	CM	18.859144	22.03125	68.28005
27010_TCR-pMHC.pdb	B	PR1	0.40771294	-0.63786834	0.6533714
27010_TCR-pMHC.pdb	B	PR2	-0.16623878	0.65173393	0.7400051
27010_TCR-pMHC.pdb	B	PR3	-0.8978501	-0.4103253	0.15968189
27010_TCR-pMHC.pdb	B	I	1640541.5	922962.75	1593743.8
27010_TCR-pMHC.pdb	M	CM	22.136494	12.144899	39.741623
27010_TCR-pMHC.pdb	M	PR1	-0.4826972	0.31309465	0.817909
27010_TCR-pMHC.pdb	M	PR2	0.42684644	-0.7313747	0.5318771
27010_TCR-pMHC.pdb	M	PR3	0.7647258	0.60585713	0.21938914
27010_TCR-pMHC.pdb	M	I	5032715.5	2478564.5	3786090.5
26994_TCR-pMHC.pdb	P	CM	442.87866	-17.708817	398.1955
26994_TCR-pMHC.pdb	P	PR1	-0.6600528	-0.56677175	0.49305186
26994_TCR-pMHC.pdb	P	PR2	0.113564916	0.5735092	0.8112892
26994_TCR-pMHC.pdb	P	PR3	-0.7425856	0.59148705	-0.31418094
26994_TCR-pMHC.pdb	P	I	48902.16	6251.664	45483.617
26994_TCR-pMHC.pdb	A	CM	429.66934	1.6469619	392.13544
26994_TCR-pMHC.pdb	A	PR1	-0.3968067	0.55529195	0.73088664
26994_TCR-pMHC.pdb	A	PR2	0.61812085	-0.4269997	0.65999836
26994_TCR-pMHC.pdb	A	PR3	0.67858016	0.71366805	-0.1738012
26994_TCR-pMHC.pdb	A	I	1794410.5	839963.2	1586610.2
26994_TCR-pMHC.pdb	B	CM	419.1964	-18.179674	399.4089
26994_TCR-pMHC.pdb	B	PR1	0.45002684	0.3890589	0.80380905
26994_TCR-pMHC.pdb	B	PR2	-0.89280146	0.17633063	0.41450343
26994_TCR-pMHC.pdb	B	PR3	0.019530078	-0.9041796	0.42670584
26994_TCR-pMHC.pdb	B	I	1750827.2	906139.9	1661272.9
26994_TCR-pMHC.pdb	M	CM	448.97852	-20.0514	402.25342
26994_TCR-pMHC.pdb	M	PR1	0.8756328	-0.44596213	0.18543169
26994_TCR-pMHC.pdb	M	PR2	0.20391221	0.6893957	0.6950924
26994_TCR-pMHC.pdb	M	PR3	-0.43782067	-0.5708339	0.6945946
26994_TCR-pMHC.pdb	M	I	5032056.0	2531872.2	3757004.0
26997_TCR-pMHC.pdb	P	CM	22.135387	-2.4922032	34.623554
26997_TCR-pMHC.pdb	P	PR1	-0.16524637	0.867858	0.46852553
26997_TCR-pMHC.pdb	P	PR2	0.4574523	-0.3534192	0.81598544
26997_TCR-pMHC.pdb	P	PR3	0.8737454	0.34916672	-0.3386024
26997_TCR-pMHC.pdb	P	I	47939.254	5974.6636	44897.07
26997_TCR-pMHC.pdb	A	CM	0.738951	-10.918622	39.68555
26997_TCR-pMHC.pdb	A	PR1	0.7946187	-0.35296285	0.49396178
26997_TCR-pMHC.pdb	A	PR2	-0.6058186	-0.5140103	0.60727024
26997_TCR-pMHC.pdb	A	PR3	0.0395576	-0.7817996	-0.6222737
26997_TCR-pMHC.pdb	A	I	1691846.9	807424.75	1580924.2
26997_TCR-pMHC.pdb	B	CM	8.158609	7.69528	51.82958
26997_TCR-pMHC.pdb	B	PR1	0.4367683	0.35519582	0.8264801
26997_TCR-pMHC.pdb	B	PR2	-0.8225337	0.52969223	0.20703724
26997_TCR-pMHC.pdb	B	PR3	-0.36424133	-0.77023506	0.5235133
26997_TCR-pMHC.pdb	B	I	1585041.6	957634.6	1542893.5
26997_TCR-pMHC.pdb	M	CM	27.526375	-0.027609915	29.621454
26997_TCR-pMHC.pdb	M	PR1	-0.8927997	-0.09688819	0.43991068
26997_TCR-pMHC.pdb	M	PR2	0.4503751	-0.21026468	0.8677275
26997_TCR-pMHC.pdb	M	PR3	0.00842513	0.97283167	0.23136027
26997_TCR-pMHC.pdb	M	I	5037938.5	2536654.8	3803582.8
27002_TCR-pMHC.pdb	P	CM	139.34882	34.99353	157.76999
27002_TCR-pMHC.pdb	P	PR1	-0.557797	0.82146823	0.11854289
27002_TCR-pMHC.pdb	P	PR2	-0.53400147	-0.4645422	0.7064297
27002_TCR-pMHC.pdb	P	PR3	0.63537776	0.33074233	0.6977855
27002_TCR-pMHC.pdb	P	I	48301.453	5520.141	45532.234
27002_TCR-pMHC.pdb	A	CM	117.50005	28.963223	143.46658
27002_TCR-pMHC.pdb	A	PR1	-0.57218117	-0.73140156	0.3710262
27002_TCR-pMHC.pdb	A	PR2	0.43123263	0.116501406	0.89468753
27002_TCR-pMHC.pdb	A	PR3	-0.69760096	0.67192197	0.24874432
27002_TCR-pMHC.pdb	A	I	1789331.9	855619.3	1576456.6
27002_TCR-pMHC.pdb	B	CM	136.92107	16.229202	143.31819
27002_TCR-pMHC.pdb	B	PR1	-0.4991891	-0.025151784	0.86612797
27002_TCR-pMHC.pdb	B	PR2	0.20036991	0.9691355	0.1436254
27002_TCR-pMHC.pdb	B	PR3	-0.8430078	0.24524222	-0.47874224
27002_TCR-pMHC.pdb	B	I	1797734.6	920517.8	1750206.4
27002_TCR-pMHC.pdb	M	CM	141.61594	37.0892	164.76427
27002_TCR-pMHC.pdb	M	PR1	0.43591875	0.57346517	0.69362277
27002_TCR-pMHC.pdb	M	PR2	-0.6560935	-0.3250626	0.6810842
27002_TCR-pMHC.pdb	M	PR3	0.6160489	-0.75197875	0.23454586
27002_TCR-pMHC.pdb	M	I	5064316.5	2548706.8	3780774.8
