pdb.id	chain.id	vector.type	x	y	z
5hyj_polyV_TCR-pMHC.pdb	P	CM	-8.356015	-21.210653	143.43459
5hyj_polyV_TCR-pMHC.pdb	P	PR1	-0.7928045	0.5463812	0.27005312
5hyj_polyV_TCR-pMHC.pdb	P	PR2	0.5840032	0.5542661	0.5930677
5hyj_polyV_TCR-pMHC.pdb	P	PR3	0.17435975	0.62789863	-0.758513
5hyj_polyV_TCR-pMHC.pdb	P	I	55861.664	8125.216	51748.285
5hyj_polyV_TCR-pMHC.pdb	A	CM	-13.385382	-43.67219	157.81358
5hyj_polyV_TCR-pMHC.pdb	A	PR1	0.7159814	0.6342446	0.2917265
5hyj_polyV_TCR-pMHC.pdb	A	PR2	0.091455214	-0.49948698	0.86148053
5hyj_polyV_TCR-pMHC.pdb	A	PR3	0.69210297	-0.59012413	-0.41562837
5hyj_polyV_TCR-pMHC.pdb	A	I	1753257.0	866956.6	1615172.5
5hyj_polyV_TCR-pMHC.pdb	B	CM	-23.447527	-23.65413	162.7909
5hyj_polyV_TCR-pMHC.pdb	B	PR1	0.264187	0.45256677	0.85169744
5hyj_polyV_TCR-pMHC.pdb	B	PR2	-0.91664606	-0.15680805	0.36765647
5hyj_polyV_TCR-pMHC.pdb	B	PR3	0.2999421	-0.87783515	0.3734169
5hyj_polyV_TCR-pMHC.pdb	B	I	1877342.1	951597.6	1829022.1
5hyj_polyV_TCR-pMHC.pdb	M	CM	-8.467262	-18.315792	135.83377
5hyj_polyV_TCR-pMHC.pdb	M	PR1	-0.337356	-0.5029614	0.7957517
5hyj_polyV_TCR-pMHC.pdb	M	PR2	0.45936224	0.6498818	0.605508
5hyj_polyV_TCR-pMHC.pdb	M	PR3	-0.8216917	0.56981003	0.011799939
5hyj_polyV_TCR-pMHC.pdb	M	I	5030272.0	2498641.2	3806518.5
5wkh_polyV_TCR-pMHC.pdb	P	CM	-25.522612	-13.857712	44.49936
5wkh_polyV_TCR-pMHC.pdb	P	PR1	-0.28896704	0.9539475	0.08051234
5wkh_polyV_TCR-pMHC.pdb	P	PR2	0.95733106	0.28828397	0.020237347
5wkh_polyV_TCR-pMHC.pdb	P	PR3	-0.0039050502	0.08292489	-0.9965482
5wkh_polyV_TCR-pMHC.pdb	P	I	55199.004	7930.7856	50768.668
5wkh_polyV_TCR-pMHC.pdb	A	CM	-33.20507	-8.221592	18.312119
5wkh_polyV_TCR-pMHC.pdb	A	PR1	0.79861397	0.5094417	0.32044482
5wkh_polyV_TCR-pMHC.pdb	A	PR2	-0.25959855	-0.18877509	0.94708633
5wkh_polyV_TCR-pMHC.pdb	A	PR3	0.5429773	-0.8395434	-0.018508123
5wkh_polyV_TCR-pMHC.pdb	A	I	1667954.6	795920.75	1496015.2
5wkh_polyV_TCR-pMHC.pdb	B	CM	-19.655622	-26.747349	25.541033
5wkh_polyV_TCR-pMHC.pdb	B	PR1	0.94531465	-0.31696573	0.076895915
5wkh_polyV_TCR-pMHC.pdb	B	PR2	0.20444454	0.75953805	0.6174985
5wkh_polyV_TCR-pMHC.pdb	B	PR3	-0.25413123	-0.56800944	0.7828043
5wkh_polyV_TCR-pMHC.pdb	B	I	1719478.2	878581.3	1669210.9
5wkh_polyV_TCR-pMHC.pdb	M	CM	-28.28824	-14.389264	52.059364
5wkh_polyV_TCR-pMHC.pdb	M	PR1	-0.07693937	0.2041693	0.9759074
5wkh_polyV_TCR-pMHC.pdb	M	PR2	0.9885475	0.14307147	0.048003953
5wkh_polyV_TCR-pMHC.pdb	M	PR3	-0.12982358	0.9684242	-0.21283889
5wkh_polyV_TCR-pMHC.pdb	M	I	5028398.0	2505137.8	3818295.5
5swz_polyV_TCR-pMHC.pdb	P	CM	23.749346	-1.7830591	34.896847
5swz_polyV_TCR-pMHC.pdb	P	PR1	-0.43197763	0.8963114	0.10010608
5swz_polyV_TCR-pMHC.pdb	P	PR2	0.16907151	-0.028548587	0.9851902
5swz_polyV_TCR-pMHC.pdb	P	PR3	0.88589513	0.44250524	-0.13920836
5swz_polyV_TCR-pMHC.pdb	P	I	51551.406	5542.384	49315.31
5swz_polyV_TCR-pMHC.pdb	A	CM	3.3023696	-13.013356	41.736675
5swz_polyV_TCR-pMHC.pdb	A	PR1	0.79446596	-0.08997	0.6006074
5swz_polyV_TCR-pMHC.pdb	A	PR2	-0.5350422	-0.571577	0.622117
5swz_polyV_TCR-pMHC.pdb	A	PR3	0.2873215	-0.8156011	-0.50223625
5swz_polyV_TCR-pMHC.pdb	A	I	1823639.2	819703.94	1674896.5
5swz_polyV_TCR-pMHC.pdb	B	CM	7.1205115	7.07529	51.685806
5swz_polyV_TCR-pMHC.pdb	B	PR1	0.2278348	-0.10827431	0.9676611
5swz_polyV_TCR-pMHC.pdb	B	PR2	-0.8754956	0.41216046	0.2522523
5swz_polyV_TCR-pMHC.pdb	B	PR3	-0.4261441	-0.90465486	-8.8918564E-4
5swz_polyV_TCR-pMHC.pdb	B	I	1664448.1	911750.9	1641557.6
5swz_polyV_TCR-pMHC.pdb	M	CM	29.536991	-0.34089848	29.652718
5swz_polyV_TCR-pMHC.pdb	M	PR1	-0.97205687	-0.06419958	0.22579613
5swz_polyV_TCR-pMHC.pdb	M	PR2	0.21304478	0.16265322	0.96340847
5swz_polyV_TCR-pMHC.pdb	M	PR3	-0.09857689	0.9845925	-0.1444308
5swz_polyV_TCR-pMHC.pdb	M	I	5069861.0	2546311.8	3755961.8
5m02_polyV_TCR-pMHC.pdb	P	CM	22.332169	0.7086155	36.662113
5m02_polyV_TCR-pMHC.pdb	P	PR1	-0.24942198	0.9371162	0.2441351
5m02_polyV_TCR-pMHC.pdb	P	PR2	0.05564071	-0.2378183	0.9697147
5m02_polyV_TCR-pMHC.pdb	P	PR3	0.9667951	0.255452	0.0071753026
5m02_polyV_TCR-pMHC.pdb	P	I	49640.15	5230.4883	47826.2
5m02_polyV_TCR-pMHC.pdb	A	CM	-0.79922557	-8.919137	40.71203
5m02_polyV_TCR-pMHC.pdb	A	PR1	0.8116759	-0.37621564	0.4468154
5m02_polyV_TCR-pMHC.pdb	A	PR2	-0.5840509	-0.53343683	0.61182487
5m02_polyV_TCR-pMHC.pdb	A	PR3	0.008169723	-0.75756645	-0.6527069
5m02_polyV_TCR-pMHC.pdb	A	I	1744234.4	851661.9	1593876.5
5m02_polyV_TCR-pMHC.pdb	B	CM	6.0681567	9.314064	53.793777
5m02_polyV_TCR-pMHC.pdb	B	PR1	-0.21263866	-0.7210072	0.6594948
5m02_polyV_TCR-pMHC.pdb	B	PR2	-0.8365866	0.48307082	0.25839004
5m02_polyV_TCR-pMHC.pdb	B	PR3	-0.50488377	-0.4967808	-0.7059045
5m02_polyV_TCR-pMHC.pdb	B	I	1549349.4	826184.1	1513301.1
5m02_polyV_TCR-pMHC.pdb	M	CM	28.477081	1.528796	31.941164
5m02_polyV_TCR-pMHC.pdb	M	PR1	-0.9703809	0.16648327	0.17505482
5m02_polyV_TCR-pMHC.pdb	M	PR2	0.16692382	-0.06174945	0.98403424
5m02_polyV_TCR-pMHC.pdb	M	PR3	0.17463478	0.9841089	0.032130465
5m02_polyV_TCR-pMHC.pdb	M	I	5065149.5	2549013.8	3753201.5
6tmo_polyV_TCR-pMHC.pdb	P	CM	-7.3609333	-22.355207	141.07295
6tmo_polyV_TCR-pMHC.pdb	P	PR1	-0.6603991	0.33112082	0.6739674
6tmo_polyV_TCR-pMHC.pdb	P	PR2	0.7088557	0.57105917	0.414023
6tmo_polyV_TCR-pMHC.pdb	P	PR3	-0.24778365	0.75116605	-0.6118438
6tmo_polyV_TCR-pMHC.pdb	P	I	54802.816	7321.96	51436.902
6tmo_polyV_TCR-pMHC.pdb	A	CM	-10.340815	-43.28575	152.55339
6tmo_polyV_TCR-pMHC.pdb	A	PR1	0.5342751	0.76387376	0.3620042
6tmo_polyV_TCR-pMHC.pdb	A	PR2	0.31877586	-0.57870173	0.7506572
6tmo_polyV_TCR-pMHC.pdb	A	PR3	0.7828998	-0.28565925	-0.55269045
6tmo_polyV_TCR-pMHC.pdb	A	I	1624472.4	821801.1	1482163.1
6tmo_polyV_TCR-pMHC.pdb	B	CM	-18.363672	-23.713371	161.91524
6tmo_polyV_TCR-pMHC.pdb	B	PR1	0.3089323	0.6025858	0.7358337
6tmo_polyV_TCR-pMHC.pdb	B	PR2	-0.8064001	-0.24424516	0.5385751
6tmo_polyV_TCR-pMHC.pdb	B	PR3	0.5042615	-0.7597596	0.41047004
6tmo_polyV_TCR-pMHC.pdb	B	I	1651280.9	844019.6	1637534.4
6tmo_polyV_TCR-pMHC.pdb	M	CM	-10.221534	-18.99776	134.53683
6tmo_polyV_TCR-pMHC.pdb	M	PR1	-0.019993532	-0.5799053	0.8144386
6tmo_polyV_TCR-pMHC.pdb	M	PR2	0.58790797	0.652065	0.47872275
6tmo_polyV_TCR-pMHC.pdb	M	PR3	-0.8086807	0.48838627	0.32789382
6tmo_polyV_TCR-pMHC.pdb	M	I	5086546.0	2506650.2	3815277.8
7n1f_polyV_TCR-pMHC.pdb	P	CM	132.65831	35.344063	158.18741
7n1f_polyV_TCR-pMHC.pdb	P	PR1	-0.521621	0.85249174	0.034196235
7n1f_polyV_TCR-pMHC.pdb	P	PR2	-0.5585912	-0.3715368	0.7415769
7n1f_polyV_TCR-pMHC.pdb	P	PR3	0.64489335	0.36772037	0.6699958
7n1f_polyV_TCR-pMHC.pdb	P	I	49987.31	6099.199	46590.258
7n1f_polyV_TCR-pMHC.pdb	A	CM	115.878136	31.171677	140.65555
7n1f_polyV_TCR-pMHC.pdb	A	PR1	-0.8001916	-0.56017554	0.21423551
7n1f_polyV_TCR-pMHC.pdb	A	PR2	0.24008034	0.028155485	0.9703446
7n1f_polyV_TCR-pMHC.pdb	A	PR3	-0.5495952	0.82789534	0.11195735
7n1f_polyV_TCR-pMHC.pdb	A	I	1633833.9	812718.1	1501671.2
7n1f_polyV_TCR-pMHC.pdb	B	CM	134.15837	16.075535	142.9034
7n1f_polyV_TCR-pMHC.pdb	B	PR1	-0.9430886	0.3301622	0.039708897
7n1f_polyV_TCR-pMHC.pdb	B	PR2	0.3226384	0.8795322	0.3497536
7n1f_polyV_TCR-pMHC.pdb	B	PR3	0.08055015	0.34266025	-0.9359998
7n1f_polyV_TCR-pMHC.pdb	B	I	1613450.5	881377.5	1593757.9
7n1f_polyV_TCR-pMHC.pdb	M	CM	135.55498	37.705082	164.95775
7n1f_polyV_TCR-pMHC.pdb	M	PR1	0.52396834	0.5534865	0.64738697
7n1f_polyV_TCR-pMHC.pdb	M	PR2	-0.65458864	-0.22462644	0.7218425
7n1f_polyV_TCR-pMHC.pdb	M	PR3	0.5449503	-0.8019948	0.24460883
7n1f_polyV_TCR-pMHC.pdb	M	I	5031861.5	2516255.5	3775038.5
6eqa_polyV_TCR-pMHC.pdb	P	CM	-1.0892756	-23.474686	28.959623
6eqa_polyV_TCR-pMHC.pdb	P	PR1	-0.6770115	0.45014748	0.58225656
6eqa_polyV_TCR-pMHC.pdb	P	PR2	0.607952	0.7879362	0.09772836
6eqa_polyV_TCR-pMHC.pdb	P	PR3	-0.41478887	0.42014727	-0.80710995
6eqa_polyV_TCR-pMHC.pdb	P	I	48593.36	5776.944	45706.137
6eqa_polyV_TCR-pMHC.pdb	A	CM	5.1645265	-40.42328	44.62034
6eqa_polyV_TCR-pMHC.pdb	A	PR1	-0.5085413	-0.8532746	0.11536123
6eqa_polyV_TCR-pMHC.pdb	A	PR2	0.66529375	-0.30433756	0.6817352
6eqa_polyV_TCR-pMHC.pdb	A	PR3	-0.54659855	0.4234396	0.72244644
6eqa_polyV_TCR-pMHC.pdb	A	I	1599987.1	806237.5	1476677.4
6eqa_polyV_TCR-pMHC.pdb	B	CM	-4.6536875	-20.949062	52.94006
6eqa_polyV_TCR-pMHC.pdb	B	PR1	0.8013174	0.3022017	0.51629895
6eqa_polyV_TCR-pMHC.pdb	B	PR2	-0.45888147	-0.24321316	0.8545614
6eqa_polyV_TCR-pMHC.pdb	B	PR3	0.3838206	-0.92169493	-0.056216188
6eqa_polyV_TCR-pMHC.pdb	B	I	1598633.0	822255.5	1554299.9
6eqa_polyV_TCR-pMHC.pdb	M	CM	-4.971034	-22.976831	22.613596
6eqa_polyV_TCR-pMHC.pdb	M	PR1	0.25572506	-0.31517452	0.9139309
6eqa_polyV_TCR-pMHC.pdb	M	PR2	0.45430332	0.8736556	0.1741677
6eqa_polyV_TCR-pMHC.pdb	M	PR3	-0.8533541	0.3706628	0.36660045
6eqa_polyV_TCR-pMHC.pdb	M	I	5075373.5	2514910.8	3800960.5
6g9q_polyV_TCR-pMHC.pdb	P	CM	22.332169	0.7086155	36.662113
6g9q_polyV_TCR-pMHC.pdb	P	PR1	-0.24942198	0.9371162	0.2441351
6g9q_polyV_TCR-pMHC.pdb	P	PR2	0.05564071	-0.2378183	0.9697147
6g9q_polyV_TCR-pMHC.pdb	P	PR3	0.9667951	0.255452	0.0071753026
6g9q_polyV_TCR-pMHC.pdb	P	I	49640.15	5230.4883	47826.2
6g9q_polyV_TCR-pMHC.pdb	A	CM	-0.79922557	-8.919137	40.71203
6g9q_polyV_TCR-pMHC.pdb	A	PR1	0.8116759	-0.37621564	0.4468154
6g9q_polyV_TCR-pMHC.pdb	A	PR2	-0.5840509	-0.53343683	0.61182487
6g9q_polyV_TCR-pMHC.pdb	A	PR3	0.008169723	-0.75756645	-0.6527069
6g9q_polyV_TCR-pMHC.pdb	A	I	1744234.4	851661.9	1593876.5
6g9q_polyV_TCR-pMHC.pdb	B	CM	6.0681567	9.314064	53.793777
6g9q_polyV_TCR-pMHC.pdb	B	PR1	-0.21263866	-0.7210072	0.6594948
6g9q_polyV_TCR-pMHC.pdb	B	PR2	-0.8365866	0.48307082	0.25839004
6g9q_polyV_TCR-pMHC.pdb	B	PR3	-0.50488377	-0.4967808	-0.7059045
6g9q_polyV_TCR-pMHC.pdb	B	I	1549349.4	826184.1	1513301.1
6g9q_polyV_TCR-pMHC.pdb	M	CM	28.477081	1.528796	31.941164
6g9q_polyV_TCR-pMHC.pdb	M	PR1	-0.9703809	0.16648327	0.17505482
6g9q_polyV_TCR-pMHC.pdb	M	PR2	0.16692382	-0.06174945	0.98403424
6g9q_polyV_TCR-pMHC.pdb	M	PR3	0.17463478	0.9841089	0.032130465
6g9q_polyV_TCR-pMHC.pdb	M	I	5065149.5	2549013.8	3753201.5
5c0a_polyV_TCR-pMHC.pdb	P	CM	-8.356015	-21.210653	143.43459
5c0a_polyV_TCR-pMHC.pdb	P	PR1	-0.7928045	0.5463812	0.27005312
5c0a_polyV_TCR-pMHC.pdb	P	PR2	0.5840032	0.5542661	0.5930677
5c0a_polyV_TCR-pMHC.pdb	P	PR3	0.17435975	0.62789863	-0.758513
5c0a_polyV_TCR-pMHC.pdb	P	I	55861.664	8125.216	51748.285
5c0a_polyV_TCR-pMHC.pdb	A	CM	-13.385382	-43.67219	157.81358
5c0a_polyV_TCR-pMHC.pdb	A	PR1	0.7159814	0.6342446	0.2917265
5c0a_polyV_TCR-pMHC.pdb	A	PR2	0.091455214	-0.49948698	0.86148053
5c0a_polyV_TCR-pMHC.pdb	A	PR3	0.69210297	-0.59012413	-0.41562837
5c0a_polyV_TCR-pMHC.pdb	A	I	1753257.0	866956.6	1615172.5
5c0a_polyV_TCR-pMHC.pdb	B	CM	-23.447527	-23.65413	162.7909
5c0a_polyV_TCR-pMHC.pdb	B	PR1	0.264187	0.45256677	0.85169744
5c0a_polyV_TCR-pMHC.pdb	B	PR2	-0.91664606	-0.15680805	0.36765647
5c0a_polyV_TCR-pMHC.pdb	B	PR3	0.2999421	-0.87783515	0.3734169
5c0a_polyV_TCR-pMHC.pdb	B	I	1877342.1	951597.6	1829022.1
5c0a_polyV_TCR-pMHC.pdb	M	CM	-8.467262	-18.315792	135.83377
5c0a_polyV_TCR-pMHC.pdb	M	PR1	-0.337356	-0.5029614	0.7957517
5c0a_polyV_TCR-pMHC.pdb	M	PR2	0.45936224	0.6498818	0.605508
5c0a_polyV_TCR-pMHC.pdb	M	PR3	-0.8216917	0.56981003	0.011799939
5c0a_polyV_TCR-pMHC.pdb	M	I	5030272.0	2498641.2	3806518.5
6bj3_polyV_TCR-pMHC.pdb	P	CM	27.792416	-1.3285844	38.714115
6bj3_polyV_TCR-pMHC.pdb	P	PR1	0.011488133	0.9945632	0.103499115
6bj3_polyV_TCR-pMHC.pdb	P	PR2	0.64965206	-0.0861084	0.7553394
6bj3_polyV_TCR-pMHC.pdb	P	PR3	0.7601449	0.058560975	-0.64710927
6bj3_polyV_TCR-pMHC.pdb	P	I	46904.617	5670.594	43996.11
6bj3_polyV_TCR-pMHC.pdb	A	CM	0.8481391	-12.068499	42.244213
6bj3_polyV_TCR-pMHC.pdb	A	PR1	0.8265525	-0.42455143	0.36954972
6bj3_polyV_TCR-pMHC.pdb	A	PR2	-0.55351967	-0.49399295	0.67051244
6bj3_polyV_TCR-pMHC.pdb	A	PR3	-0.10211203	-0.7587668	-0.6433087
6bj3_polyV_TCR-pMHC.pdb	A	I	1911009.9	811284.7	1752956.1
6bj3_polyV_TCR-pMHC.pdb	B	CM	11.5296545	4.0989943	53.833214
6bj3_polyV_TCR-pMHC.pdb	B	PR1	-0.0024126982	-0.6937594	0.7202028
6bj3_polyV_TCR-pMHC.pdb	B	PR2	-0.71530473	0.5044841	0.48356482
6bj3_polyV_TCR-pMHC.pdb	B	PR3	-0.6988085	-0.5139978	-0.49746653
6bj3_polyV_TCR-pMHC.pdb	B	I	1610447.5	854490.8	1554455.1
6bj3_polyV_TCR-pMHC.pdb	M	CM	30.236174	-0.44945785	32.006035
6bj3_polyV_TCR-pMHC.pdb	M	PR1	-0.71009815	0.027429165	0.7035682
6bj3_polyV_TCR-pMHC.pdb	M	PR2	0.7029051	0.08587082	0.70608115
6bj3_polyV_TCR-pMHC.pdb	M	PR3	-0.041048765	0.99592865	-0.08025681
6bj3_polyV_TCR-pMHC.pdb	M	I	4913310.5	2433246.0	3733795.0
5sws_polyV_TCR-pMHC.pdb	P	CM	22.699831	-2.8943758	35.575
5sws_polyV_TCR-pMHC.pdb	P	PR1	-0.18372828	0.9689988	0.16518256
5sws_polyV_TCR-pMHC.pdb	P	PR2	0.12502655	-0.14364192	0.98170024
5sws_polyV_TCR-pMHC.pdb	P	PR3	0.97499347	0.2010183	-0.094759494
5sws_polyV_TCR-pMHC.pdb	P	I	51241.316	5170.088	49262.633
5sws_polyV_TCR-pMHC.pdb	A	CM	-1.5771126	-8.358546	41.380207
5sws_polyV_TCR-pMHC.pdb	A	PR1	0.6880144	-0.5435125	0.4808641
5sws_polyV_TCR-pMHC.pdb	A	PR2	-0.70781225	-0.35638866	0.60990894
5sws_polyV_TCR-pMHC.pdb	A	PR3	-0.16011864	-0.75998765	-0.62990534
5sws_polyV_TCR-pMHC.pdb	A	I	1871226.0	871771.5	1698209.6
5sws_polyV_TCR-pMHC.pdb	B	CM	8.499393	9.577317	52.691647
5sws_polyV_TCR-pMHC.pdb	B	PR1	-0.24109046	-0.5832122	0.77571833
5sws_polyV_TCR-pMHC.pdb	B	PR2	-0.7445638	0.62383157	0.2376107
5sws_polyV_TCR-pMHC.pdb	B	PR3	-0.62249506	-0.52028614	-0.58463854
5sws_polyV_TCR-pMHC.pdb	B	I	1619665.6	916371.3	1610456.4
5sws_polyV_TCR-pMHC.pdb	M	CM	28.599224	-2.9178102	30.40636
5sws_polyV_TCR-pMHC.pdb	M	PR1	-0.94464177	0.24468476	0.2185894
5sws_polyV_TCR-pMHC.pdb	M	PR2	0.23132716	0.024222333	0.9725744
5sws_polyV_TCR-pMHC.pdb	M	PR3	0.2326794	0.9693001	-0.07948366
5sws_polyV_TCR-pMHC.pdb	M	I	5018513.0	2549531.5	3715361.0
6vqo_polyV_TCR-pMHC.pdb	P	CM	24.245247	-1.641108	36.7847
6vqo_polyV_TCR-pMHC.pdb	P	PR1	0.10327583	0.87958133	0.46440372
6vqo_polyV_TCR-pMHC.pdb	P	PR2	0.3609017	-0.46821898	0.8065488
6vqo_polyV_TCR-pMHC.pdb	P	PR3	0.9268679	0.084307104	-0.36579812
6vqo_polyV_TCR-pMHC.pdb	P	I	48713.76	6534.887	44849.504
6vqo_polyV_TCR-pMHC.pdb	A	CM	2.5470777	-14.138871	44.31524
6vqo_polyV_TCR-pMHC.pdb	A	PR1	0.80495137	-0.27820295	0.52407676
6vqo_polyV_TCR-pMHC.pdb	A	PR2	-0.590668	-0.4594649	0.66332746
6vqo_polyV_TCR-pMHC.pdb	A	PR3	0.056255218	-0.8435017	-0.5341725
6vqo_polyV_TCR-pMHC.pdb	A	I	1977877.1	906021.1	1777185.8
6vqo_polyV_TCR-pMHC.pdb	B	CM	9.917899	5.7809577	51.525764
6vqo_polyV_TCR-pMHC.pdb	B	PR1	0.12759976	-0.030756187	0.99134874
6vqo_polyV_TCR-pMHC.pdb	B	PR2	-0.8310972	0.5421739	0.12379398
6vqo_polyV_TCR-pMHC.pdb	B	PR3	-0.5412909	-0.8397032	0.043619886
6vqo_polyV_TCR-pMHC.pdb	B	I	1562726.1	859040.2	1544134.2
6vqo_polyV_TCR-pMHC.pdb	M	CM	30.316195	-0.38738787	31.760458
6vqo_polyV_TCR-pMHC.pdb	M	PR1	-0.888984	0.120812714	0.4417145
6vqo_polyV_TCR-pMHC.pdb	M	PR2	0.3804152	-0.34215066	0.85919565
6vqo_polyV_TCR-pMHC.pdb	M	PR3	0.25493467	0.93184614	0.25820747
6vqo_polyV_TCR-pMHC.pdb	M	I	5000046.0	2532840.0	3733377.8
6bj8_polyV_TCR-pMHC.pdb	P	CM	27.813492	-1.6644607	38.621063
6bj8_polyV_TCR-pMHC.pdb	P	PR1	-0.1512512	0.9416572	0.30067396
6bj8_polyV_TCR-pMHC.pdb	P	PR2	0.64748603	-0.13545798	0.74994195
6bj8_polyV_TCR-pMHC.pdb	P	PR3	0.74691695	0.30811182	-0.5892217
6bj8_polyV_TCR-pMHC.pdb	P	I	46002.39	5205.9375	44806.97
6bj8_polyV_TCR-pMHC.pdb	A	CM	0.5269506	-11.265388	41.258324
6bj8_polyV_TCR-pMHC.pdb	A	PR1	0.8059645	-0.4469846	0.38810554
6bj8_polyV_TCR-pMHC.pdb	A	PR2	-0.5851335	-0.5022437	0.63668674
6bj8_polyV_TCR-pMHC.pdb	A	PR3	-0.08966561	-0.7402405	-0.6663363
6bj8_polyV_TCR-pMHC.pdb	A	I	1924143.9	816040.6	1752353.9
6bj8_polyV_TCR-pMHC.pdb	B	CM	11.48545	3.930622	53.8133
6bj8_polyV_TCR-pMHC.pdb	B	PR1	-0.073281094	-0.733797	0.6754049
6bj8_polyV_TCR-pMHC.pdb	B	PR2	-0.69799095	0.5214565	0.49080732
6bj8_polyV_TCR-pMHC.pdb	B	PR3	-0.7123472	-0.43545958	-0.55039656
6bj8_polyV_TCR-pMHC.pdb	B	I	1616067.0	849014.9	1565026.6
6bj8_polyV_TCR-pMHC.pdb	M	CM	30.54703	-0.45763895	32.37913
6bj8_polyV_TCR-pMHC.pdb	M	PR1	-0.71786535	0.033016227	0.6953986
6bj8_polyV_TCR-pMHC.pdb	M	PR2	0.69617945	0.031348474	0.717183
6bj8_polyV_TCR-pMHC.pdb	M	PR3	0.0018789918	0.99896306	-0.045489203
6bj8_polyV_TCR-pMHC.pdb	M	I	4887080.5	2410083.0	3717923.2
6q3s_polyV_TCR-pMHC.pdb	P	CM	23.072287	-3.7954986	35.340313
6q3s_polyV_TCR-pMHC.pdb	P	PR1	-0.0051310183	0.9697596	0.24400817
6q3s_polyV_TCR-pMHC.pdb	P	PR2	0.34176952	-0.22761689	0.9118027
6q3s_polyV_TCR-pMHC.pdb	P	PR3	0.9397698	0.08807303	-0.3302664
6q3s_polyV_TCR-pMHC.pdb	P	I	48995.52	5913.12	45875.164
6q3s_polyV_TCR-pMHC.pdb	A	CM	-2.522472	-8.339667	42.57526
6q3s_polyV_TCR-pMHC.pdb	A	PR1	0.67120916	-0.3306616	0.6634314
6q3s_polyV_TCR-pMHC.pdb	A	PR2	-0.73973036	-0.2411711	0.62820023
6q3s_polyV_TCR-pMHC.pdb	A	PR3	-0.047721207	-0.9124141	-0.40647668
6q3s_polyV_TCR-pMHC.pdb	A	I	1779459.1	809870.4	1658246.2
6q3s_polyV_TCR-pMHC.pdb	B	CM	10.657595	7.7791224	53.627876
6q3s_polyV_TCR-pMHC.pdb	B	PR1	-0.05539556	-0.36040872	0.9311482
6q3s_polyV_TCR-pMHC.pdb	B	PR2	-0.6191215	0.74404866	0.2511577
6q3s_polyV_TCR-pMHC.pdb	B	PR3	-0.7833389	-0.5625808	-0.26435378
6q3s_polyV_TCR-pMHC.pdb	B	I	1592283.9	827841.3	1564632.9
6q3s_polyV_TCR-pMHC.pdb	M	CM	28.889458	-3.3028643	30.537762
6q3s_polyV_TCR-pMHC.pdb	M	PR1	-0.9267936	0.12392234	0.35453755
6q3s_polyV_TCR-pMHC.pdb	M	PR2	0.35127515	-0.047995355	0.9350413
6q3s_polyV_TCR-pMHC.pdb	M	PR3	0.13288866	0.99113053	9.5094956E-4
6q3s_polyV_TCR-pMHC.pdb	M	I	5023596.5	2522642.8	3766281.5
5d2l_polyV_TCR-pMHC.pdb	P	CM	22.352148	-2.674959	36.58266
5d2l_polyV_TCR-pMHC.pdb	P	PR1	0.09945821	0.9553284	0.27830857
5d2l_polyV_TCR-pMHC.pdb	P	PR2	0.4018119	-0.29443648	0.86709535
5d2l_polyV_TCR-pMHC.pdb	P	PR3	0.910305	0.02558794	-0.41314647
5d2l_polyV_TCR-pMHC.pdb	P	I	47338.19	5882.868	44219.16
5d2l_polyV_TCR-pMHC.pdb	A	CM	-2.8880773	-9.020114	43.516457
5d2l_polyV_TCR-pMHC.pdb	A	PR1	0.69382775	-0.5664779	0.4446413
5d2l_polyV_TCR-pMHC.pdb	A	PR2	-0.6507314	-0.22870123	0.72404724
5d2l_polyV_TCR-pMHC.pdb	A	PR3	-0.3084667	-0.7917061	-0.5273042
5d2l_polyV_TCR-pMHC.pdb	A	I	1698262.1	818260.1	1529883.5
5d2l_polyV_TCR-pMHC.pdb	B	CM	11.013022	9.119308	51.942654
5d2l_polyV_TCR-pMHC.pdb	B	PR1	0.37744042	0.08434428	0.92218477
5d2l_polyV_TCR-pMHC.pdb	B	PR2	-0.61939996	0.76328033	0.18370314
5d2l_polyV_TCR-pMHC.pdb	B	PR3	-0.6883912	-0.6405382	0.3403357
5d2l_polyV_TCR-pMHC.pdb	B	I	1673926.9	854274.94	1605289.4
5d2l_polyV_TCR-pMHC.pdb	M	CM	27.868816	-2.4526122	31.378721
5d2l_polyV_TCR-pMHC.pdb	M	PR1	-0.87278765	0.1952088	0.4473648
5d2l_polyV_TCR-pMHC.pdb	M	PR2	0.43164915	-0.119183615	0.89413327
5d2l_polyV_TCR-pMHC.pdb	M	PR3	0.22786124	0.9734931	0.019760268
5d2l_polyV_TCR-pMHC.pdb	M	I	5013343.5	2522999.8	3729889.2
6dkp_polyV_TCR-pMHC.pdb	P	CM	-34.636982	-14.407165	2.6660118
6dkp_polyV_TCR-pMHC.pdb	P	PR1	-0.38800412	-0.87119746	0.30077866
6dkp_polyV_TCR-pMHC.pdb	P	PR2	-0.25729015	0.4157564	0.8723236
6dkp_polyV_TCR-pMHC.pdb	P	PR3	-0.88501674	0.26107773	-0.3854657
6dkp_polyV_TCR-pMHC.pdb	P	I	54252.26	6835.5366	51266.496
6dkp_polyV_TCR-pMHC.pdb	A	CM	-9.544053	-22.84693	8.148656
6dkp_polyV_TCR-pMHC.pdb	A	PR1	-0.4596358	0.6994261	0.54730064
6dkp_polyV_TCR-pMHC.pdb	A	PR2	0.7383401	-0.04153001	0.6731487
6dkp_polyV_TCR-pMHC.pdb	A	PR3	0.49354717	0.7134973	-0.4973257
6dkp_polyV_TCR-pMHC.pdb	A	I	1620992.6	783115.44	1475384.4
6dkp_polyV_TCR-pMHC.pdb	B	CM	-28.659086	-30.929047	18.484503
6dkp_polyV_TCR-pMHC.pdb	B	PR1	0.8172861	0.31762722	0.48078734
6dkp_polyV_TCR-pMHC.pdb	B	PR2	0.25282666	-0.9474241	0.19612823
6dkp_polyV_TCR-pMHC.pdb	B	PR3	0.51780516	-0.03873703	-0.8546211
6dkp_polyV_TCR-pMHC.pdb	B	I	1541073.5	799908.44	1516234.4
6dkp_polyV_TCR-pMHC.pdb	M	CM	-39.688187	-12.55563	-2.9288557
6dkp_polyV_TCR-pMHC.pdb	M	PR1	0.6783186	-0.5643767	0.470492
6dkp_polyV_TCR-pMHC.pdb	M	PR2	-0.3524499	0.3119334	0.8823132
6dkp_polyV_TCR-pMHC.pdb	M	PR3	-0.64471924	-0.76431435	0.0126757175
6dkp_polyV_TCR-pMHC.pdb	M	I	5053281.0	2503127.0	3828277.2
5brz_polyV_TCR-pMHC.pdb	P	CM	136.90735	33.842964	159.78714
5brz_polyV_TCR-pMHC.pdb	P	PR1	-0.5666034	0.81882584	0.092112914
5brz_polyV_TCR-pMHC.pdb	P	PR2	-0.54233736	-0.45475274	0.706449
5brz_polyV_TCR-pMHC.pdb	P	PR3	0.62034726	0.35032013	0.7017443
5brz_polyV_TCR-pMHC.pdb	P	I	49712.375	5515.863	47151.69
5brz_polyV_TCR-pMHC.pdb	A	CM	115.549545	31.043182	146.11122
5brz_polyV_TCR-pMHC.pdb	A	PR1	-0.76530606	-0.37582657	0.5225524
5brz_polyV_TCR-pMHC.pdb	A	PR2	0.5127295	0.13483632	0.847896
5brz_polyV_TCR-pMHC.pdb	A	PR3	-0.3891209	0.916828	0.08950632
5brz_polyV_TCR-pMHC.pdb	A	I	1766313.6	816550.06	1629295.9
5brz_polyV_TCR-pMHC.pdb	B	CM	136.27301	19.524979	143.44632
5brz_polyV_TCR-pMHC.pdb	B	PR1	-0.9667202	0.25243226	0.041593213
5brz_polyV_TCR-pMHC.pdb	B	PR2	0.25493583	0.9368767	0.23931108
5brz_polyV_TCR-pMHC.pdb	B	PR3	0.021442128	0.24195045	-0.97005165
5brz_polyV_TCR-pMHC.pdb	B	I	1549254.5	807171.3	1528738.8
5brz_polyV_TCR-pMHC.pdb	M	CM	139.26797	34.878284	166.61963
5brz_polyV_TCR-pMHC.pdb	M	PR1	0.49840972	0.45752499	0.7363821
5brz_polyV_TCR-pMHC.pdb	M	PR2	-0.6801956	-0.32026544	0.6593663
5brz_polyV_TCR-pMHC.pdb	M	PR3	0.5375143	-0.8295185	0.15158309
5brz_polyV_TCR-pMHC.pdb	M	I	5071069.5	2508996.0	3781896.8
5yxu_polyV_TCR-pMHC.pdb	P	CM	3.3493507	0.4297281	18.519531
5yxu_polyV_TCR-pMHC.pdb	P	PR1	0.30418366	-0.90502405	0.29732764
5yxu_polyV_TCR-pMHC.pdb	P	PR2	-0.9320513	-0.21825096	0.28921768
5yxu_polyV_TCR-pMHC.pdb	P	PR3	-0.19685693	-0.3650999	-0.90991724
5yxu_polyV_TCR-pMHC.pdb	P	I	55976.582	7579.738	52130.332
5yxu_polyV_TCR-pMHC.pdb	A	CM	9.040758	15.981407	35.575966
5yxu_polyV_TCR-pMHC.pdb	A	PR1	0.9267613	0.35462698	0.12390791
5yxu_polyV_TCR-pMHC.pdb	A	PR2	-0.29109448	0.46947265	0.8335823
5yxu_polyV_TCR-pMHC.pdb	A	PR3	0.23743941	-0.8086007	0.53831905
5yxu_polyV_TCR-pMHC.pdb	A	I	1833859.8	852413.56	1653806.1
5yxu_polyV_TCR-pMHC.pdb	B	CM	6.99327	-6.5485907	44.2786
5yxu_polyV_TCR-pMHC.pdb	B	PR1	-0.68305194	0.5574505	0.47189942
5yxu_polyV_TCR-pMHC.pdb	B	PR2	0.5985715	0.05702815	0.7990369
5yxu_polyV_TCR-pMHC.pdb	B	PR3	0.41851193	0.8282492	-0.37262714
5yxu_polyV_TCR-pMHC.pdb	B	I	1512990.5	877897.7	1474124.6
5yxu_polyV_TCR-pMHC.pdb	M	CM	4.212396	-0.6835192	10.650828
5yxu_polyV_TCR-pMHC.pdb	M	PR1	0.28310642	0.05499079	0.9575107
5yxu_polyV_TCR-pMHC.pdb	M	PR2	-0.8909894	-0.354401	0.28379172
5yxu_polyV_TCR-pMHC.pdb	M	PR3	0.35494867	-0.9334752	-0.051336978
5yxu_polyV_TCR-pMHC.pdb	M	I	5021722.0	2490389.2	3793606.5
6vma_polyV_TCR-pMHC.pdb	P	CM	-18.754007	-0.5721565	33.82218
6vma_polyV_TCR-pMHC.pdb	P	PR1	0.838381	0.24209556	0.48837188
6vma_polyV_TCR-pMHC.pdb	P	PR2	-0.48231864	0.746887	0.45774287
6vma_polyV_TCR-pMHC.pdb	P	PR3	-0.2539411	-0.6193138	0.74294305
6vma_polyV_TCR-pMHC.pdb	P	I	48329.73	5674.301	45389.44
6vma_polyV_TCR-pMHC.pdb	A	CM	-8.349553	13.986021	16.392164
6vma_polyV_TCR-pMHC.pdb	A	PR1	0.2643622	-0.9623058	0.06387646
6vma_polyV_TCR-pMHC.pdb	A	PR2	-0.52976775	-0.08955267	0.8434017
6vma_polyV_TCR-pMHC.pdb	A	PR3	-0.80589	-0.2568032	-0.53347296
6vma_polyV_TCR-pMHC.pdb	A	I	1665094.8	797135.44	1525631.8
6vma_polyV_TCR-pMHC.pdb	B	CM	-27.005577	0.88152033	10.917142
6vma_polyV_TCR-pMHC.pdb	B	PR1	0.3033685	0.8929119	0.3326799
6vma_polyV_TCR-pMHC.pdb	B	PR2	0.49606386	-0.44608554	0.74493515
6vma_polyV_TCR-pMHC.pdb	B	PR3	0.81356514	-0.06095939	-0.5782696
6vma_polyV_TCR-pMHC.pdb	B	I	1640621.1	865502.94	1625063.5
6vma_polyV_TCR-pMHC.pdb	M	CM	-21.02569	-2.7167587	40.855206
6vma_polyV_TCR-pMHC.pdb	M	PR1	-0.04286609	-0.54721016	0.83589685
6vma_polyV_TCR-pMHC.pdb	M	PR2	-0.30915335	0.8028672	0.5097338
6vma_polyV_TCR-pMHC.pdb	M	PR3	-0.95004565	-0.23657002	-0.20358764
6vma_polyV_TCR-pMHC.pdb	M	I	5090914.5	2516900.8	3812142.2
5wkf_polyV_TCR-pMHC.pdb	P	CM	-28.969452	-10.583959	42.480873
5wkf_polyV_TCR-pMHC.pdb	P	PR1	-0.2454419	0.96922576	0.01896525
5wkf_polyV_TCR-pMHC.pdb	P	PR2	0.9300222	0.229904	0.28671047
5wkf_polyV_TCR-pMHC.pdb	P	PR3	0.273527	0.088008866	-0.95782954
5wkf_polyV_TCR-pMHC.pdb	P	I	54979.254	7946.0015	50745.426
5wkf_polyV_TCR-pMHC.pdb	A	CM	-29.734653	-6.018028	14.745833
5wkf_polyV_TCR-pMHC.pdb	A	PR1	0.76371235	0.47720468	0.43476334
5wkf_polyV_TCR-pMHC.pdb	A	PR2	-0.458542	-0.07305157	0.8856651
5wkf_polyV_TCR-pMHC.pdb	A	PR3	0.45440367	-0.87575066	0.163028
5wkf_polyV_TCR-pMHC.pdb	A	I	1658302.8	805055.4	1487129.8
5wkf_polyV_TCR-pMHC.pdb	B	CM	-19.638142	-24.89966	26.108488
5wkf_polyV_TCR-pMHC.pdb	B	PR1	0.9298453	-0.3065968	0.2034359
5wkf_polyV_TCR-pMHC.pdb	B	PR2	0.12085943	0.7767074	0.61815745
5wkf_polyV_TCR-pMHC.pdb	B	PR3	-0.34753525	-0.5502036	0.7592728
5wkf_polyV_TCR-pMHC.pdb	B	I	1733984.9	869421.5	1696265.0
5wkf_polyV_TCR-pMHC.pdb	M	CM	-33.691174	-10.865865	48.967484
5wkf_polyV_TCR-pMHC.pdb	M	PR1	-0.33722714	0.23256937	0.91224414
5wkf_polyV_TCR-pMHC.pdb	M	PR2	0.94142246	0.08458931	0.32644808
5wkf_polyV_TCR-pMHC.pdb	M	PR3	-0.0012442836	0.9688943	-0.24747184
5wkf_polyV_TCR-pMHC.pdb	M	I	5027326.5	2506951.0	3820878.2
5nme_polyV_TCR-pMHC.pdb	P	CM	137.33847	36.240562	158.45857
5nme_polyV_TCR-pMHC.pdb	P	PR1	0.565055	-0.80725783	0.17043355
5nme_polyV_TCR-pMHC.pdb	P	PR2	-0.70454395	-0.36461884	0.60882753
5nme_polyV_TCR-pMHC.pdb	P	PR3	-0.4293375	-0.46409896	-0.7747783
5nme_polyV_TCR-pMHC.pdb	P	I	46978.21	5591.958	44299.74
5nme_polyV_TCR-pMHC.pdb	A	CM	119.953636	33.297733	138.41016
5nme_polyV_TCR-pMHC.pdb	A	PR1	-0.9596405	-0.23477915	0.15481894
5nme_polyV_TCR-pMHC.pdb	A	PR2	0.11228321	0.18486571	0.9763284
5nme_polyV_TCR-pMHC.pdb	A	PR3	-0.25784227	0.9543078	-0.15104286
5nme_polyV_TCR-pMHC.pdb	A	I	1690295.6	788758.56	1556646.8
5nme_polyV_TCR-pMHC.pdb	B	CM	134.65056	17.047993	146.34074
5nme_polyV_TCR-pMHC.pdb	B	PR1	-0.78060985	0.33477244	0.5278027
5nme_polyV_TCR-pMHC.pdb	B	PR2	0.49429193	0.8474843	0.19350931
5nme_polyV_TCR-pMHC.pdb	B	PR3	-0.38252294	0.4119439	-0.8270299
5nme_polyV_TCR-pMHC.pdb	B	I	1649798.4	873545.75	1606221.1
5nme_polyV_TCR-pMHC.pdb	M	CM	138.1832	38.720093	165.06355
5nme_polyV_TCR-pMHC.pdb	M	PR1	0.31903335	0.6084316	0.72665584
5nme_polyV_TCR-pMHC.pdb	M	PR2	-0.81483924	-0.21546233	0.53815705
5nme_polyV_TCR-pMHC.pdb	M	PR3	0.4839987	-0.76379776	0.42703426
5nme_polyV_TCR-pMHC.pdb	M	I	5108890.5	2510396.8	3818111.5
6ulr_polyV_TCR-pMHC.pdb	P	CM	135.30942	36.557888	158.48012
6ulr_polyV_TCR-pMHC.pdb	P	PR1	-0.5601711	0.8254683	0.0693569
6ulr_polyV_TCR-pMHC.pdb	P	PR2	-0.6138885	-0.4698864	0.6343088
6ulr_polyV_TCR-pMHC.pdb	P	PR3	0.5561917	0.31274408	0.7699623
6ulr_polyV_TCR-pMHC.pdb	P	I	47533.86	5560.407	44869.72
6ulr_polyV_TCR-pMHC.pdb	A	CM	121.05122	33.49837	139.59337
6ulr_polyV_TCR-pMHC.pdb	A	PR1	-0.919972	-0.3918476	0.010344356
6ulr_polyV_TCR-pMHC.pdb	A	PR2	-0.027166609	0.09006308	0.9955655
6ulr_polyV_TCR-pMHC.pdb	A	PR3	-0.3910416	0.9156113	-0.09350068
6ulr_polyV_TCR-pMHC.pdb	A	I	1708524.2	831155.8	1541658.1
6ulr_polyV_TCR-pMHC.pdb	B	CM	136.30855	16.351784	145.7367
6ulr_polyV_TCR-pMHC.pdb	B	PR1	-0.79336333	0.23235098	0.5626612
6ulr_polyV_TCR-pMHC.pdb	B	PR2	0.41647843	0.8812929	0.22331285
6ulr_polyV_TCR-pMHC.pdb	B	PR3	-0.44398233	0.41150448	-0.79595464
6ulr_polyV_TCR-pMHC.pdb	B	I	1649341.2	855721.0	1594443.9
6ulr_polyV_TCR-pMHC.pdb	M	CM	136.95125	38.538593	164.9915
6ulr_polyV_TCR-pMHC.pdb	M	PR1	0.35614428	0.5770223	0.73498744
6ulr_polyV_TCR-pMHC.pdb	M	PR2	-0.71278065	-0.34086433	0.61298877
6ulr_polyV_TCR-pMHC.pdb	M	PR3	0.60423917	-0.7421973	0.28989345
6ulr_polyV_TCR-pMHC.pdb	M	I	4969586.5	2441626.0	3727063.0
6amu_polyV_TCR-pMHC.pdb	P	CM	-7.7582912	-24.79622	143.08015
6amu_polyV_TCR-pMHC.pdb	P	PR1	-0.8420088	0.4771239	0.25174174
6amu_polyV_TCR-pMHC.pdb	P	PR2	0.5389216	0.7230435	0.43217078
6amu_polyV_TCR-pMHC.pdb	P	PR3	0.024178762	0.49956068	-0.8659414
6amu_polyV_TCR-pMHC.pdb	P	I	54618.195	7271.5	51336.684
6amu_polyV_TCR-pMHC.pdb	A	CM	-12.51159	-43.466965	157.57341
6amu_polyV_TCR-pMHC.pdb	A	PR1	0.68784124	0.7014648	0.18660545
6amu_polyV_TCR-pMHC.pdb	A	PR2	0.19708069	-0.42790496	0.88207513
6amu_polyV_TCR-pMHC.pdb	A	PR3	0.69859403	-0.56995136	-0.43257585
6amu_polyV_TCR-pMHC.pdb	A	I	1578250.5	794488.06	1449726.6
6amu_polyV_TCR-pMHC.pdb	B	CM	-20.243374	-22.378336	162.57224
6amu_polyV_TCR-pMHC.pdb	B	PR1	0.47016254	-0.30638942	0.8276912
6amu_polyV_TCR-pMHC.pdb	B	PR2	-0.88192576	-0.12699848	0.4539585
6amu_polyV_TCR-pMHC.pdb	B	PR3	-0.033972565	-0.94339645	-0.32992268
6amu_polyV_TCR-pMHC.pdb	B	I	1502765.0	813903.75	1464912.5
6amu_polyV_TCR-pMHC.pdb	M	CM	-8.283539	-23.476704	135.52104
6amu_polyV_TCR-pMHC.pdb	M	PR1	-0.2994086	-0.3336303	0.89389336
6amu_polyV_TCR-pMHC.pdb	M	PR2	0.40130872	0.8059372	0.43522012
6amu_polyV_TCR-pMHC.pdb	M	PR3	-0.8656245	0.48903584	-0.10741579
6amu_polyV_TCR-pMHC.pdb	M	I	5022879.0	2501735.5	3788919.2
5c0b_polyV_TCR-pMHC.pdb	P	CM	-8.356015	-21.210653	143.43459
5c0b_polyV_TCR-pMHC.pdb	P	PR1	-0.7928045	0.5463812	0.27005312
5c0b_polyV_TCR-pMHC.pdb	P	PR2	0.5840032	0.5542661	0.5930677
5c0b_polyV_TCR-pMHC.pdb	P	PR3	0.17435975	0.62789863	-0.758513
5c0b_polyV_TCR-pMHC.pdb	P	I	55861.664	8125.216	51748.285
5c0b_polyV_TCR-pMHC.pdb	A	CM	-13.385382	-43.67219	157.81358
5c0b_polyV_TCR-pMHC.pdb	A	PR1	0.7159814	0.6342446	0.2917265
5c0b_polyV_TCR-pMHC.pdb	A	PR2	0.091455214	-0.49948698	0.86148053
5c0b_polyV_TCR-pMHC.pdb	A	PR3	0.69210297	-0.59012413	-0.41562837
5c0b_polyV_TCR-pMHC.pdb	A	I	1753257.0	866956.6	1615172.5
5c0b_polyV_TCR-pMHC.pdb	B	CM	-23.447527	-23.65413	162.7909
5c0b_polyV_TCR-pMHC.pdb	B	PR1	0.264187	0.45256677	0.85169744
5c0b_polyV_TCR-pMHC.pdb	B	PR2	-0.91664606	-0.15680805	0.36765647
5c0b_polyV_TCR-pMHC.pdb	B	PR3	0.2999421	-0.87783515	0.3734169
5c0b_polyV_TCR-pMHC.pdb	B	I	1877342.1	951597.6	1829022.1
5c0b_polyV_TCR-pMHC.pdb	M	CM	-8.467262	-18.315792	135.83377
5c0b_polyV_TCR-pMHC.pdb	M	PR1	-0.337356	-0.5029614	0.7957517
5c0b_polyV_TCR-pMHC.pdb	M	PR2	0.45936224	0.6498818	0.605508
5c0b_polyV_TCR-pMHC.pdb	M	PR3	-0.8216917	0.56981003	0.011799939
5c0b_polyV_TCR-pMHC.pdb	M	I	5030272.0	2498641.2	3806518.5
5hhm_polyV_TCR-pMHC.pdb	P	CM	23.837753	-0.74863887	34.438927
5hhm_polyV_TCR-pMHC.pdb	P	PR1	0.12733193	0.96811086	0.21574967
5hhm_polyV_TCR-pMHC.pdb	P	PR2	0.48118076	-0.2505023	0.8400677
5hhm_polyV_TCR-pMHC.pdb	P	PR3	0.8673244	-0.00315284	-0.49773327
5hhm_polyV_TCR-pMHC.pdb	P	I	48990.977	6532.0977	45340.47
5hhm_polyV_TCR-pMHC.pdb	A	CM	2.6864345	-14.145543	45.890976
5hhm_polyV_TCR-pMHC.pdb	A	PR1	0.7725267	0.0054864134	0.6349586
5hhm_polyV_TCR-pMHC.pdb	A	PR2	-0.61628246	-0.23441021	0.7518296
5hhm_polyV_TCR-pMHC.pdb	A	PR3	0.15296564	-0.9721223	-0.17770696
5hhm_polyV_TCR-pMHC.pdb	A	I	1560185.5	772805.06	1416287.4
5hhm_polyV_TCR-pMHC.pdb	B	CM	10.129396	7.7138734	49.292217
5hhm_polyV_TCR-pMHC.pdb	B	PR1	0.5453615	0.80083895	0.24746269
5hhm_polyV_TCR-pMHC.pdb	B	PR2	-0.83808	0.5259919	0.1447563
5hhm_polyV_TCR-pMHC.pdb	B	PR3	-0.014236888	-0.28633806	0.9580229
5hhm_polyV_TCR-pMHC.pdb	B	I	1639857.4	872315.56	1600308.5
5hhm_polyV_TCR-pMHC.pdb	M	CM	29.382324	-0.15473247	28.63634
5hhm_polyV_TCR-pMHC.pdb	M	PR1	-0.86263186	0.097457156	0.49635512
5hhm_polyV_TCR-pMHC.pdb	M	PR2	0.48720708	-0.103742115	0.86710256
5hhm_polyV_TCR-pMHC.pdb	M	PR3	0.13599828	0.989818	0.042009436
5hhm_polyV_TCR-pMHC.pdb	M	I	5061466.5	2552414.5	3779269.8
2ol3_polyV_TCR-pMHC.pdb	P	CM	95.83883	33.36938	23.888948
2ol3_polyV_TCR-pMHC.pdb	P	PR1	0.6733601	0.10047851	0.73245496
2ol3_polyV_TCR-pMHC.pdb	P	PR2	-0.17390503	0.98444945	0.024827057
2ol3_polyV_TCR-pMHC.pdb	P	PR3	-0.7185703	-0.14409515	0.68036264
2ol3_polyV_TCR-pMHC.pdb	P	I	40516.08	3333.9133	39692.48
2ol3_polyV_TCR-pMHC.pdb	A	CM	91.03078	25.459074	46.0482
2ol3_polyV_TCR-pMHC.pdb	A	PR1	-0.38717684	-0.91342986	0.12545907
2ol3_polyV_TCR-pMHC.pdb	A	PR2	-0.18058375	0.20856352	0.96119237
2ol3_polyV_TCR-pMHC.pdb	A	PR3	-0.904148	0.34949556	-0.24570157
2ol3_polyV_TCR-pMHC.pdb	A	I	1995720.2	917170.44	1791756.2
2ol3_polyV_TCR-pMHC.pdb	B	CM	76.81189	37.604336	34.608246
2ol3_polyV_TCR-pMHC.pdb	B	PR1	-0.024216915	0.74975014	0.6612778
2ol3_polyV_TCR-pMHC.pdb	B	PR2	-0.91140854	-0.2883632	0.29356626
2ol3_polyV_TCR-pMHC.pdb	B	PR3	0.41078952	-0.5955849	0.69031197
2ol3_polyV_TCR-pMHC.pdb	B	I	1625094.5	885647.75	1553429.9
2ol3_polyV_TCR-pMHC.pdb	M	CM	99.449814	30.714888	18.895777
2ol3_polyV_TCR-pMHC.pdb	M	PR1	-0.6221016	-0.105157614	0.7758424
2ol3_polyV_TCR-pMHC.pdb	M	PR2	0.22953454	-0.97189325	0.052319683
2ol3_polyV_TCR-pMHC.pdb	M	PR3	0.74853426	0.2106308	0.62875366
2ol3_polyV_TCR-pMHC.pdb	M	I	4899674.0	2501852.5	3639077.0
6vrm_polyV_TCR-pMHC.pdb	P	CM	20.729156	0.2922889	31.790533
6vrm_polyV_TCR-pMHC.pdb	P	PR1	0.83922577	0.4030437	0.36504236
6vrm_polyV_TCR-pMHC.pdb	P	PR2	-0.5144286	0.8060215	0.29273286
6vrm_polyV_TCR-pMHC.pdb	P	PR3	-0.17624784	-0.4334572	0.8837712
6vrm_polyV_TCR-pMHC.pdb	P	I	49030.953	5631.203	46256.33
6vrm_polyV_TCR-pMHC.pdb	A	CM	26.152956	17.483301	13.687955
6vrm_polyV_TCR-pMHC.pdb	A	PR1	0.56698376	-0.8202862	0.0752331
6vrm_polyV_TCR-pMHC.pdb	A	PR2	-0.45758775	-0.23770352	0.85680246
6vrm_polyV_TCR-pMHC.pdb	A	PR3	-0.68494004	-0.5202188	-0.51012695
6vrm_polyV_TCR-pMHC.pdb	A	I	1694342.2	820293.0	1544915.9
6vrm_polyV_TCR-pMHC.pdb	B	CM	13.3363495	-0.9294557	10.123904
6vrm_polyV_TCR-pMHC.pdb	B	PR1	-0.37610936	0.58957285	0.7148046
6vrm_polyV_TCR-pMHC.pdb	B	PR2	0.70713514	-0.31586865	0.6326033
6vrm_polyV_TCR-pMHC.pdb	B	PR3	0.59875005	0.74339145	-0.2981065
6vrm_polyV_TCR-pMHC.pdb	B	I	1753228.5	854573.3	1716255.2
6vrm_polyV_TCR-pMHC.pdb	M	CM	19.036123	-0.29880127	39.235
6vrm_polyV_TCR-pMHC.pdb	M	PR1	0.06155204	-0.315362	0.94697315
6vrm_polyV_TCR-pMHC.pdb	M	PR2	-0.3645853	0.8761066	0.31545955
6vrm_polyV_TCR-pMHC.pdb	M	PR3	-0.9291334	-0.36466968	-0.061050203
6vrm_polyV_TCR-pMHC.pdb	M	I	5037633.5	2533254.2	3744698.8
7jwj_polyV_TCR-pMHC.pdb	P	CM	22.23267	0.92804635	36.371445
7jwj_polyV_TCR-pMHC.pdb	P	PR1	-0.31504217	0.91911906	0.2365768
7jwj_polyV_TCR-pMHC.pdb	P	PR2	0.074754395	-0.22446467	0.9716107
7jwj_polyV_TCR-pMHC.pdb	P	PR3	0.9461291	0.32378352	0.0020076544
7jwj_polyV_TCR-pMHC.pdb	P	I	50372.586	5141.0723	48178.676
7jwj_polyV_TCR-pMHC.pdb	A	CM	-1.5663437	-9.112535	40.747215
7jwj_polyV_TCR-pMHC.pdb	A	PR1	0.7590362	-0.32678524	0.56309456
7jwj_polyV_TCR-pMHC.pdb	A	PR2	-0.6370089	-0.5514204	0.5386605
7jwj_polyV_TCR-pMHC.pdb	A	PR3	0.1344755	-0.7675591	-0.62671316
7jwj_polyV_TCR-pMHC.pdb	A	I	1673618.8	762463.94	1559106.9
7jwj_polyV_TCR-pMHC.pdb	B	CM	5.9970117	8.291764	53.584496
7jwj_polyV_TCR-pMHC.pdb	B	PR1	-0.23870617	-0.7401047	0.6287006
7jwj_polyV_TCR-pMHC.pdb	B	PR2	-0.7955362	0.5203191	0.31046763
7jwj_polyV_TCR-pMHC.pdb	B	PR3	-0.5569035	-0.42604357	-0.7129834
7jwj_polyV_TCR-pMHC.pdb	B	I	1713464.9	952648.0	1675371.1
7jwj_polyV_TCR-pMHC.pdb	M	CM	28.482052	2.117826	31.871777
7jwj_polyV_TCR-pMHC.pdb	M	PR1	-0.98017335	0.10907648	0.1654162
7jwj_polyV_TCR-pMHC.pdb	M	PR2	0.15960446	-0.060077325	0.98535126
7jwj_polyV_TCR-pMHC.pdb	M	PR3	0.117416404	0.9922162	0.041477103
7jwj_polyV_TCR-pMHC.pdb	M	I	5047943.0	2564701.2	3710964.2
5nqk_polyV_TCR-pMHC.pdb	P	CM	-4.2439413	-22.1887	140.24655
5nqk_polyV_TCR-pMHC.pdb	P	PR1	-0.83192813	0.42476135	0.35703418
5nqk_polyV_TCR-pMHC.pdb	P	PR2	0.5527793	0.5784422	0.59986633
5nqk_polyV_TCR-pMHC.pdb	P	PR3	0.048276402	0.6964068	-0.71602166
5nqk_polyV_TCR-pMHC.pdb	P	I	53279.36	6795.479	50381.188
5nqk_polyV_TCR-pMHC.pdb	A	CM	-6.323092	-42.777565	154.7565
5nqk_polyV_TCR-pMHC.pdb	A	PR1	0.51623625	0.8116317	0.2734121
5nqk_polyV_TCR-pMHC.pdb	A	PR2	0.13327493	-0.39148122	0.91048354
5nqk_polyV_TCR-pMHC.pdb	A	PR3	0.84601295	-0.4335856	-0.31026694
5nqk_polyV_TCR-pMHC.pdb	A	I	1565038.6	777243.9	1451737.9
5nqk_polyV_TCR-pMHC.pdb	B	CM	-19.539177	-23.931543	157.7826
5nqk_polyV_TCR-pMHC.pdb	B	PR1	-0.017937697	0.79176795	0.61055857
5nqk_polyV_TCR-pMHC.pdb	B	PR2	-0.8612656	-0.3224009	0.3927839
5nqk_polyV_TCR-pMHC.pdb	B	PR3	0.50783837	-0.5188075	0.68770564
5nqk_polyV_TCR-pMHC.pdb	B	I	1635142.0	888639.7	1603810.2
5nqk_polyV_TCR-pMHC.pdb	M	CM	-3.9596899	-19.71405	132.95842
5nqk_polyV_TCR-pMHC.pdb	M	PR1	-0.40391016	-0.44014356	0.80195403
5nqk_polyV_TCR-pMHC.pdb	M	PR2	0.4305502	0.68201727	0.59116745
5nqk_polyV_TCR-pMHC.pdb	M	PR3	-0.80714506	0.58406	-0.0859698
5nqk_polyV_TCR-pMHC.pdb	M	I	5049848.0	2517753.5	3794532.2
6rpb_polyV_TCR-pMHC.pdb	P	CM	-1.8766062	-20.98975	28.435751
6rpb_polyV_TCR-pMHC.pdb	P	PR1	-0.81240135	0.41908953	0.40542322
6rpb_polyV_TCR-pMHC.pdb	P	PR2	0.5283414	0.823227	0.20773229
6rpb_polyV_TCR-pMHC.pdb	P	PR3	-0.2466969	0.3829639	-0.8902131
6rpb_polyV_TCR-pMHC.pdb	P	I	49278.15	5649.1543	46272.402
6rpb_polyV_TCR-pMHC.pdb	A	CM	5.8219695	-39.27516	43.86654
6rpb_polyV_TCR-pMHC.pdb	A	PR1	-0.57863235	-0.8049052	0.1315759
6rpb_polyV_TCR-pMHC.pdb	A	PR2	0.6068128	-0.3170822	0.72886014
6rpb_polyV_TCR-pMHC.pdb	A	PR3	-0.544943	0.50158405	0.67190075
6rpb_polyV_TCR-pMHC.pdb	A	I	1654941.8	804881.1	1533499.8
6rpb_polyV_TCR-pMHC.pdb	B	CM	-5.0469513	-20.665552	51.76188
6rpb_polyV_TCR-pMHC.pdb	B	PR1	0.8926787	-0.159358	0.4215802
6rpb_polyV_TCR-pMHC.pdb	B	PR2	-0.44910285	-0.23599786	0.8617492
6rpb_polyV_TCR-pMHC.pdb	B	PR3	-0.037834596	-0.95859796	-0.2822384
6rpb_polyV_TCR-pMHC.pdb	B	I	1597325.2	828833.0	1557081.4
6rpb_polyV_TCR-pMHC.pdb	M	CM	-4.216091	-20.777468	21.075193
6rpb_polyV_TCR-pMHC.pdb	M	PR1	0.06890092	-0.30386502	0.95022035
6rpb_polyV_TCR-pMHC.pdb	M	PR2	0.40627477	0.8784692	0.251461
6rpb_polyV_TCR-pMHC.pdb	M	PR3	-0.91114956	0.36872464	0.18398003
6rpb_polyV_TCR-pMHC.pdb	M	I	4947372.0	2457030.2	3701000.2
5tje_polyV_TCR-pMHC.pdb	P	CM	25.441006	0.6902283	33.712082
5tje_polyV_TCR-pMHC.pdb	P	PR1	-0.36382174	0.92493033	0.11017068
5tje_polyV_TCR-pMHC.pdb	P	PR2	0.06405068	-0.09315445	0.99358934
5tje_polyV_TCR-pMHC.pdb	P	PR3	0.92926383	0.36854592	-0.025350805
5tje_polyV_TCR-pMHC.pdb	P	I	48895.36	5179.872	46772.535
5tje_polyV_TCR-pMHC.pdb	A	CM	3.0616083	-10.368707	39.216564
5tje_polyV_TCR-pMHC.pdb	A	PR1	0.8314556	-0.2436751	0.49930355
5tje_polyV_TCR-pMHC.pdb	A	PR2	-0.55017835	-0.4862538	0.67886746
5tje_polyV_TCR-pMHC.pdb	A	PR3	0.07736515	-0.8391542	-0.5383632
5tje_polyV_TCR-pMHC.pdb	A	I	1741929.2	853488.25	1603098.6
5tje_polyV_TCR-pMHC.pdb	B	CM	8.246524	9.790492	49.86243
5tje_polyV_TCR-pMHC.pdb	B	PR1	-0.16084874	-0.65425205	0.73897356
5tje_polyV_TCR-pMHC.pdb	B	PR2	-0.8810346	0.4326541	0.19128089
5tje_polyV_TCR-pMHC.pdb	B	PR3	-0.44486588	-0.62029403	-0.6460106
5tje_polyV_TCR-pMHC.pdb	B	I	1530831.6	817874.9	1504299.0
5tje_polyV_TCR-pMHC.pdb	M	CM	31.542912	1.4317497	29.064276
5tje_polyV_TCR-pMHC.pdb	M	PR1	-0.98481095	0.103294924	0.13956185
5tje_polyV_TCR-pMHC.pdb	M	PR2	0.14735016	0.072027974	0.98645824
5tje_polyV_TCR-pMHC.pdb	M	PR3	0.09184378	0.9920394	-0.08615446
5tje_polyV_TCR-pMHC.pdb	M	I	5042269.5	2550891.0	3752889.5
6r2l_polyV_TCR-pMHC.pdb	P	CM	36.87558	0.035471156	-17.077375
6r2l_polyV_TCR-pMHC.pdb	P	PR1	0.56895363	-0.8061629	0.16245987
6r2l_polyV_TCR-pMHC.pdb	P	PR2	-0.82235855	-0.55875725	0.10731606
6r2l_polyV_TCR-pMHC.pdb	P	PR3	0.004261397	-0.19465812	-0.9808619
6r2l_polyV_TCR-pMHC.pdb	P	I	49524.938	5997.0376	46412.53
6r2l_polyV_TCR-pMHC.pdb	A	CM	21.692938	-6.314449	-39.265095
6r2l_polyV_TCR-pMHC.pdb	A	PR1	0.4015257	0.9056105	0.13655297
6r2l_polyV_TCR-pMHC.pdb	A	PR2	0.078016676	-0.18237984	0.98012805
6r2l_polyV_TCR-pMHC.pdb	A	PR3	0.91251874	-0.3828932	-0.14388292
6r2l_polyV_TCR-pMHC.pdb	A	I	1690796.9	849822.75	1550206.8
6r2l_polyV_TCR-pMHC.pdb	B	CM	43.159386	-10.213819	-35.636997
6r2l_polyV_TCR-pMHC.pdb	B	PR1	-0.7579749	-0.56529963	0.32543865
6r2l_polyV_TCR-pMHC.pdb	B	PR2	-0.35263819	0.7748583	0.52463406
6r2l_polyV_TCR-pMHC.pdb	B	PR3	-0.5487443	0.28289738	-0.78666943
6r2l_polyV_TCR-pMHC.pdb	B	I	1888792.8	920522.8	1857511.5
6r2l_polyV_TCR-pMHC.pdb	M	CM	34.567196	0.03931285	-10.015197
6r2l_polyV_TCR-pMHC.pdb	M	PR1	-0.08121213	0.2745346	0.9581416
6r2l_polyV_TCR-pMHC.pdb	M	PR2	-0.9174411	-0.39625975	0.03577725
6r2l_polyV_TCR-pMHC.pdb	M	PR3	0.38949504	-0.87613297	0.28405043
6r2l_polyV_TCR-pMHC.pdb	M	I	5058289.0	2528459.5	3772339.5
5hho_polyV_TCR-pMHC.pdb	P	CM	22.556168	1.6753479	34.43002
5hho_polyV_TCR-pMHC.pdb	P	PR1	0.10003646	0.9082418	0.40631217
5hho_polyV_TCR-pMHC.pdb	P	PR2	0.39578354	-0.41098654	0.82124627
5hho_polyV_TCR-pMHC.pdb	P	PR3	0.912879	0.0786571	-0.4005808
5hho_polyV_TCR-pMHC.pdb	P	I	48876.816	6693.947	45155.754
5hho_polyV_TCR-pMHC.pdb	A	CM	0.48227164	-13.045895	42.059147
5hho_polyV_TCR-pMHC.pdb	A	PR1	0.731816	-0.122216046	0.670454
5hho_polyV_TCR-pMHC.pdb	A	PR2	-0.663287	-0.35366416	0.6595241
5hho_polyV_TCR-pMHC.pdb	A	PR3	0.15651113	-0.92735374	-0.3398814
5hho_polyV_TCR-pMHC.pdb	A	I	1547169.8	776789.5	1400266.4
5hho_polyV_TCR-pMHC.pdb	B	CM	8.214716	7.571749	50.342556
5hho_polyV_TCR-pMHC.pdb	B	PR1	0.50056416	0.39659187	0.7695131
5hho_polyV_TCR-pMHC.pdb	B	PR2	-0.8125276	0.5219564	0.25953886
