7.23  5.07  4.81  5.53  6.13  4.82  4.70  4.71  3.99  3.43  2.92  3.41  1.76  4.37  3.56  3.02  4.79  4.41  2.28  2.97
5.07  5.89  5.58  5.37  6.24  5.16  5.49  5.01  4.42  3.02  3.33  3.33  3.05  4.46  3.69  3.76  4.47  4.13  2.36  3.11
4.81  5.58  6.45  6.11  6.65  5.33  5.72  5.33  4.43  3.76  3.85  4.01  3.89  4.89  3.52  4.10  3.82  4.51  2.70  3.46
5.53  5.37  6.11  5.97  6.67  5.31  5.79  5.39  4.45  3.50  3.61  3.47  3.42  4.65  3.46  3.99  4.55  4.29  2.88  3.09
6.13  6.24  6.65  6.67  7.16  6.03  6.40  5.67  5.02  3.79  4.28  4.12  3.94  5.36  4.16  4.35  4.85  5.01  3.24  3.75
4.82  5.16  5.33  5.31  6.03  4.86  4.70  4.54  3.86  2.77  2.87  2.95  2.76  4.29  3.28  3.20  4.14  3.70  2.19  2.43
4.70  5.49  5.72  5.79  6.40  4.70  5.16  5.12  4.66  3.77  3.48  2.86  3.31  4.87  3.81  3.84  4.50  4.54  3.12  3.96
4.71  5.01  5.33  5.39  5.67  4.54  5.12  4.58  3.96  3.34  3.33  3.43  3.14  4.75  3.63  3.62  3.78  4.32  2.64  2.92
3.99  4.42  4.43  4.45  5.02  3.86  4.66  3.96  3.51  2.24  2.38  2.49  2.06  3.65  2.74  2.69  3.29  3.26  1.91  1.78
3.43  3.02  3.76  3.50  3.79  2.77  3.77  3.34  2.24  1.77  1.81  1.68  1.63  3.02  1.84  1.58  2.47  2.71  1.32  1.01
2.92  3.33  3.85  3.61  4.28  2.87  3.48  3.33  2.38  1.81  2.12  2.22  2.05  3.44  2.41  2.34  2.73  2.43  1.64  1.24
3.41  3.33  4.01  3.47  4.12  2.95  2.86  3.43  2.49  1.68  2.22  2.14  2.13  3.06  2.34  2.57  3.12  2.78  1.91  1.56
1.76  3.05  3.89  3.42  3.94  2.76  3.31  3.14  2.06  1.63  2.05  2.13  1.99  3.00  2.50  2.43  3.05  2.67  1.63  1.01
4.37  4.46  4.89  4.65  5.36  4.29  4.87  4.75  3.65  3.02  3.44  3.06  3.00  4.71  3.15  3.45  4.20  4.13  2.56  2.67
3.56  3.69  3.52  3.46  4.16  3.28  3.81  3.63  2.74  1.84  2.41  2.34  2.50  3.15  2.47  2.35  2.93  3.92  2.47  1.24
3.02  3.76  4.10  3.99  4.35  3.20  3.84  3.62  2.69  1.58  2.34  2.57  2.43  3.45  2.35  2.85  3.15  4.05  2.83  1.70
4.79  4.47  3.82  4.55  4.85  4.14  4.50  3.78  3.29  2.47  2.73  3.12  3.05  4.20  2.93  3.15  3.08  3.24  2.14  1.80
4.41  4.13  4.51  4.29  5.01  3.70  4.54  4.32  3.26  2.71  2.43  2.78  2.67  4.13  3.92  4.05  3.24  3.98  2.11  2.43
2.28  2.36  2.70  2.88  3.24  2.19  3.12  2.64  1.91  1.32  1.64  1.91  1.63  2.56  2.47  2.83  2.14  2.11  1.02  0.50
2.97  3.11  3.46  3.09  3.75  2.43  3.96  2.92  1.78  1.01  1.24  1.56  1.01  2.67  1.24  1.70  1.80  2.43  0.50  0.83
