residue.aa.from,residue.aa.to,TCRen
A,A,-0.163701466531913
A,C,2.22869281007611
A,D,3.98271195132132
A,E,0.23808248210289
A,F,0.00630967310373583
A,G,0.212411429563724
A,H,0.650507441146114
A,I,0.381951206430702
A,K,0.0215179018867228
A,L,-0.341340912394221
A,M,3.79266834843345
A,N,0.395433609941303
A,P,0.291545039099783
A,Q,-0.0107321217504855
A,R,-0.221027530586846
A,S,-0.632408565519941
A,T,-0.451383538983694
A,V,-0.164811676304771
A,W,-0.534339525443453
A,Y,0.00131519456920337
C,A,0.263269846797215
C,C,-2.29309576697293
C,D,-0.539076625727722
C,E,-0.172832230772839
C,F,0.565925461039159
C,G,0.486413398111425
C,H,-0.826758698179503
C,I,0.254611784054101
C,K,0.114849841678942
C,L,0.621667444047394
C,M,-0.729120228615587
C,N,-0.41278290040343
C,P,0.384876978892002
C,Q,0.263269846797215
C,R,0.0529744379608545
C,S,-0.539076625727722
C,T,-0.0244122256545658
C,V,-0.0714797365125516
C,W,-0.661678947820055
C,Y,0.0946471343614224
D,A,-0.00335881645673321
D,C,2.38903546015129
D,D,1.09853216367307
D,E,0.795726929647073
D,F,0.166652323178915
D,G,-0.134760282823431
D,H,-0.759747987896543
D,I,0.825869147005009
D,K,-0.506323839255914
D,L,0.105301639905788
D,M,0.239438931804325
D,N,-0.34577219012047
D,P,0.271217660419481
D,Q,0.149610528324694
D,R,-0.568199242974002
D,S,0.0321807372231864
D,T,-0.291040888908514
D,V,0.216202335939229
D,W,0.975929841580742
D,Y,-0.304626003498821
E,A,-0.105827617140074
E,C,1.73225592376222
E,D,3.48627506500743
E,E,0.807997022238887
E,F,1.54675471405089
E,G,-0.103355427994685
E,H,-0.514979074148662
E,I,0.566391408084942
E,K,-0.941202832570372
E,L,-0.43438523020192
E,M,0.251709024396139
E,N,0.568046352608296
E,P,0.0157795149547126
E,Q,-0.326498979308895
E,R,0.364754061991696
E,S,-0.227297001696881
E,T,-0.109934399092728
E,V,-0.157001909950713
E,W,0.319150305191672
E,Y,0.406426758392264
F,A,0.610140790639327
F,C,1.76734724357349
F,D,-0.19220568188561
F,E,0.174038713069273
F,F,0.231919316913139
F,G,-0.0682641081834152
F,H,-0.877189551806395
F,I,-0.633705095777648
F,K,0.0644189880520502
F,L,0.571236590420502
F,M,-0.382249284773475
F,N,0.603137672419567
F,P,-0.503439900939747
F,Q,1.27919041962021
F,R,-0.501703068333986
F,S,3.5213663848187
F,T,0.991508347168431
F,V,-0.121910590139443
F,W,-0.712109801446946
F,Y,0.0442162807345307
G,A,0.0198387861075719
G,C,-0.361220936034
G,D,-0.291792429602237
G,E,-0.416263291462482
G,F,-0.0443776830709708
G,G,-0.197860609768034
G,H,0.203567682622475
G,I,0.0681762044138214
G,K,0.362134037804427
G,L,0.178069466243785
G,M,-0.386978239031425
G,N,0.0341669659739818
G,P,0.141445918202359
G,Q,0.0198387861075719
G,R,-0.133461141679425
G,S,0.157610381537347
G,T,0.422537640722846
G,V,-0.13314310361819
G,W,0.187977404226442
G,Y,0.0329837672557844
H,A,-0.903165038209656
H,C,0.65134321219351
H,D,-0.639160084284705
H,E,2.7716067483936
H,F,0.465842002482176
H,G,0.386329939554443
H,H,2.11768028098694
H,I,3.19905076322054
H,K,-1.05158504332793
H,L,3.56610642321383
H,M,2.21531875055085
H,N,-0.512866358960413
H,P,3.32931595805844
H,Q,-1.4074116908776
H,R,2.9974134171273
H,S,2.40536235343872
H,T,2.92002675351187
H,V,-0.171563195069534
H,W,-0.761762406377037
H,Y,-0.00543632419555998
I,A,3.5213663848187
I,C,0.965000771048552
I,D,2.71901991229376
I,E,0.0407418695252201
I,F,-0.286851865112671
I,G,0.699987498409484
I,H,2.43133783984198
I,I,3.51270832207558
I,K,0.328423941977001
I,L,-0.231109882104435
I,M,-1.18459575729841
I,N,-0.868258429086256
I,P,-0.0705985497908236
I,Q,3.5213663848187
I,R,3.31107097598234
I,S,2.71901991229376
I,T,-1.16076484230552
I,V,-1.20783235316351
I,W,-0.448104847521995
I,Y,0.308221234659482
K,A,0.0519607531300084
K,C,0.540117577083286
K,D,-0.750385719394929
K,E,-1.45049275088993
K,F,3.39913880509537
K,G,0.275104304444218
K,H,-1.03806779184671
K,I,-0.625746938593991
K,K,2.94806318573516
K,L,-0.258691278600698
K,M,2.10409311544063
K,N,-0.624091994070637
K,P,-0.49548174375609
K,Q,0.0519607531300084
K,R,-0.158334655706353
K,S,2.29413671832849
K,T,2.80880111840165
K,V,2.76173360754366
K,W,2.17153439623616
K,Y,2.92786047841764
L,A,-0.405386313754434
L,C,1.83403861807216
L,D,3.58805775931737
L,E,-0.156571709901059
L,F,0.0779393292429908
L,G,-0.00157273368474288
L,H,3.30037568686559
L,I,-0.567013721278976
L,K,0.528412160019726
L,L,0.354352674420047
L,M,-0.315557910274803
L,N,0.000779417937353869
L,P,-0.283779181659647
L,Q,-0.00404492283013199
L,R,1.13558638528252
L,S,-0.125514307386938
L,T,-0.291726995281913
L,V,-0.559465868308719
L,W,3.46545543722504
L,Y,0.110907655233203
M,A,3.09648319085343
M,C,0.540117577083286
M,D,2.29413671832849
M,E,-0.384141324440046
M,F,0.354616367371952
M,G,0.275104304444218
M,H,2.00645464587671
M,I,0.0433026903868937
M,K,-0.0964592519882651
M,L,-0.939568366568829
M,M,2.10409311544063
M,N,2.42043044365279
M,P,0.173567885224795
M,Q,-0.617088875850877
M,R,2.88618778201707
M,S,2.29413671832849
M,T,-0.904770948302657
M,V,-0.282788830179758
M,W,2.17153439623616
M,Y,-0.116661959305784
N,A,-0.0397435364013546
N,C,2.88868778331916
N,D,-0.306052965813805
N,E,0.614502164846807
N,F,-0.0237321117987722
N,G,-0.0389133163453656
N,H,-0.260095664728677
N,I,0.487635443968018
N,K,-0.341721277362719
N,L,0.0320098712094631
N,M,0.739091254972191
N,N,-0.179759240489513
N,P,-0.204780593945929
N,Q,-0.497745978037401
N,R,-0.163404713264813
N,S,0.0275864077231037
N,T,-0.0411257066283065
N,V,0.715854659107095
N,W,4.52010460247203
N,Y,0.195026319669044
P,A,3.55910671280154
P,C,1.0027410990314
P,D,-0.287762197446816
P,E,3.12300463523149
P,F,0.14819026033918
P,G,-0.328623600057557
P,H,2.46907816782483
P,I,0.505926212335007
P,K,-0.302885359021037
P,L,-0.476944844620716
P,M,-1.14685542931557
P,N,-0.830518101103409
P,P,0.636191407172908
P,Q,0.514584275078121
P,R,0.304288866241761
P,S,2.75676024027661
P,T,-0.442147426354544
P,V,-0.48921493721253
P,W,-0.410364519539148
P,Y,0.345961562642329
Q,A,0.0240401577313811
Q,C,-0.628088003384019
Q,D,-0.223995579087827
Q,E,-0.259092575057246
Q,F,-0.027849245707583
Q,G,-0.368576807898934
Q,H,0.838249065409408
Q,I,-0.434020716151318
Q,K,0.713506178817965
Q,L,-0.153599288130927
Q,M,0.266837905992439
Q,N,0.583175234204596
Q,P,-0.10408985106149
Q,Q,1.92827761038613
Q,R,0.651630775099877
Q,S,-0.444666941256647
Q,T,-0.110672569938973
Q,V,-0.310709425578386
Q,W,0.334279186787972
Q,Y,0.189056818832497
R,A,0.41883395442162
R,C,-1.23598320921157
R,D,-0.84979636624652
R,E,-0.483551971291637
R,F,-0.552267872828057
R,G,0.64197750573583
R,H,0.899403488562739
R,I,0.914422544346454
R,K,1.1719623994403
R,L,0.0890471604539827
R,M,4.04156439585008
R,N,-0.437888821534506
R,P,0.0741572383732037
R,Q,-0.0474498937215831
R,R,-0.374837968839307
R,S,-0.383512518103317
R,T,-0.0495181467856421
R,V,0.985632821248806
R,W,1.06448323892219
R,Y,-0.437973149231989
S,A,-0.3428659567731
S,C,-0.111871530983152
S,D,0.0715495311442198
S,E,0.257123897343621
S,F,-0.0972058235805211
S,G,-0.230639303302075
S,H,1.35446553781028
S,I,-0.0841619495553915
S,K,-0.366513749356733
S,L,0.0155316404770783
S,M,0.102177290425176
S,N,0.418514618637333
S,P,-0.221258824678313
S,Q,-0.0755038868122771
S,R,-0.119441589843697
S,S,0.29222089331304
S,T,1.09046058388532
S,V,1.04339307302734
S,W,-0.0510527909481126
S,Y,0.121896776808798
T,A,0.194867119912815
T,C,2.43429205173941
T,D,4.18831119298462
T,E,0.160106433267063
T,F,0.344553389373331
T,G,-0.42455345250998
T,H,-0.493820034139601
T,I,-0.216497428499385
T,K,0.0464471147945415
T,L,-0.135741670730921
T,M,-0.616852926744506
T,N,0.203731054135599
T,P,0.0308604326198795
T,Q,0.596208510837117
T,R,0.669488392499884
T,S,-0.426809323856641
T,T,-0.0928149525389661
T,V,-0.425496282784674
T,W,-0.045164993281025
T,Y,0.206914436232504
V,A,0.538681826657182
V,C,1.69588827959134
V,D,0.405384983113129
V,E,0.771629378068012
V,F,0.444035643430122
V,G,0.364523580502388
V,H,-0.551346718319536
V,I,-0.705164059759793
V,K,-0.511286628598043
V,L,0.216202335939229
V,M,-0.45370824875562
V,N,-0.534672718012467
V,P,1.32933858773285
V,Q,-0.36286662347977
V,R,4.04195848452513
V,S,0.405384983113129
V,T,-0.650548695931551
V,V,0.203932243347415
V,W,-0.386266967960088
V,Y,-0.310817973746742
W,A,-0.199353675150898
W,C,-1.40579257197203
W,D,-0.320823059707704
W,E,0.714470964228064
W,F,-0.298039451833257
W,G,0.307365166662439
W,H,3.10506693454482
W,I,-0.208011737894012
W,K,-0.0641983897700435
W,L,0.442619212598408
W,M,3.20270540410874
W,N,0.474520294597473
W,P,-0.0777465430561108
W,Q,0.481523412817233
W,R,0.271228003980873
W,S,-1.00170014767583
W,T,-0.487035747602679
W,V,-0.250527967961537
W,W,-0.443425381800036
W,Y,0.981950329362325
Y,A,-0.0472086537469495
Y,C,-0.00974203590677198
Y,D,-0.159960347316309
Y,E,-0.148260970042334
Y,F,-0.0489977452979613
Y,G,1.01849902130426
Y,H,-0.44764241976809
Y,I,-0.188953170286334
Y,K,0.827605493627264
Y,L,-0.0444178144695943
Y,M,-0.197034605422747
Y,N,0.11930272278941
Y,P,0.0056428829327074
Y,Q,-0.0472086537469495
Y,R,-0.0173120947673172
Y,S,0.677925678888548
Y,T,0.222059578150552
Y,V,-0.0469084757820462
Y,W,-0.818599712521128
Y,Y,-0.284586961597872
