- A C D E F G H I K L M N P Q R S T V W Y
0.0000000 0.7154190 0.7232390 0.7096110 0.7108160 0.7151480 0.7121140 0.7157530 0.7109510 0.7175970 0.7240420 0.7140980 0.7249440 0.7135620 0.7133850 0.7084750 0.7216560 0.7313330 0.7252260 0.7202430 0.7199740
0.7154190 0.0000000 0.1439150 0.1230980 0.0996422 0.1182260 0.0914328 0.1075710 0.0920388 0.0822015 0.0975420 0.1248690 0.1116820 0.0649223 0.0873322 0.0952421 0.0897654 0.1264330 0.1145220 0.1185400 0.0919025
0.7232390 0.1439150 0.0000000 0.1020350 0.1224450 0.1509180 0.1522340 0.1144460 0.1593150 0.1433710 0.1348240 0.1338070 0.0945847 0.1435150 0.1565450 0.1439120 0.0958607 0.1262740 0.1218860 0.1076060 0.1292730
0.7096110 0.1230980 0.1020350 0.0000000 0.0923227 0.1223190 0.1296670 0.1127450 0.1338610 0.1355010 0.1162380 0.1088970 0.0876658 0.1116030 0.1304330 0.1137850 0.0965969 0.1315800 0.1170780 0.0911759 0.1193870
0.7108160 0.0996422 0.1224450 0.0923227 0.0000000 0.1078630 0.0759015 0.0991723 0.1004510 0.1269110 0.0693668 0.0919379 0.0938893 0.0737705 0.0847969 0.0735024 0.0729319 0.1029260 0.1019160 0.1089620 0.0768352
0.7151480 0.1182260 0.1509180 0.1223190 0.1078630 0.0000000 0.0945175 0.1335650 0.1151200 0.1180660 0.0844977 0.1007930 0.0967626 0.0835492 0.1261690 0.1003030 0.1077190 0.1009280 0.0806173 0.1005240 0.0951833
0.7121140 0.0914328 0.1522340 0.1296670 0.0759015 0.0945175 0.0000000 0.1024610 0.0653051 0.0965101 0.0519717 0.0833720 0.1066960 0.0733385 0.0860462 0.0603057 0.0868588 0.0950545 0.0860537 0.1086230 0.0686079
0.7157530 0.1075710 0.1144460 0.1127450 0.0991723 0.1335650 0.1024610 0.0000000 0.1085970 0.1026400 0.0876100 0.1077070 0.0980955 0.1012480 0.1192220 0.0854725 0.0878369 0.1089470 0.1040430 0.1052840 0.0854874
0.7109510 0.0920388 0.1593150 0.1338610 0.1004510 0.1151200 0.0653051 0.1085970 0.0000000 0.1054030 0.0800125 0.0973133 0.1170860 0.0807192 0.0972532 0.0899557 0.1048460 0.1114150 0.0953406 0.1255160 0.0950881
0.7175970 0.0822015 0.1433710 0.1355010 0.1269110 0.1180660 0.0965101 0.1026400 0.1054030 0.0000000 0.0959921 0.1145190 0.0961831 0.0925675 0.1009950 0.0972587 0.0941641 0.1045080 0.1093540 0.1098490 0.0916007
0.7240420 0.0975420 0.1348240 0.1162380 0.0693668 0.0844977 0.0519717 0.0876100 0.0800125 0.0959921 0.0000000 0.0832210 0.0912677 0.0647105 0.0923432 0.0531354 0.0742077 0.0736501 0.0692362 0.0962475 0.0615453
0.7140980 0.1248690 0.1338070 0.1088970 0.0919379 0.1007930 0.0833720 0.1077070 0.0973133 0.1145190 0.0832210 0.0000000 0.0657267 0.0959184 0.1203110 0.0941814 0.0804648 0.0779671 0.0705243 0.0836187 0.0987549
0.7249440 0.1116820 0.0945847 0.0876658 0.0938893 0.0967626 0.1066960 0.0980955 0.1170860 0.0961831 0.0912677 0.0657267 0.0000000 0.0933179 0.1109490 0.1039980 0.0634827 0.0756745 0.0803535 0.0654676 0.0898685
0.7135620 0.0649223 0.1435150 0.1116030 0.0737705 0.0835492 0.0733385 0.1012480 0.0807192 0.0925675 0.0647105 0.0959184 0.0933179 0.0000000 0.0898634 0.0641402 0.0808697 0.1015040 0.0927992 0.1102220 0.0786666
0.7133850 0.0873322 0.1565450 0.1304330 0.0847969 0.1261690 0.0860462 0.1192220 0.0972532 0.1009950 0.0923432 0.1203110 0.1109490 0.0898634 0.0000000 0.0965975 0.1048730 0.1271400 0.1266990 0.1210910 0.0699263
0.7084750 0.0952421 0.1439120 0.1137850 0.0735024 0.1003030 0.0603057 0.0854725 0.0899557 0.0972587 0.0531354 0.0941814 0.1039980 0.0641402 0.0965975 0.0000000 0.0822842 0.0996178 0.1012950 0.1078170 0.0791424
0.7216560 0.0897654 0.0958607 0.0965969 0.0729319 0.1077190 0.0868588 0.0878369 0.1048460 0.0941641 0.0742077 0.0804648 0.0634827 0.0808697 0.1048730 0.0822842 0.0000000 0.0756081 0.0905371 0.0881372 0.0902349
0.7313330 0.1264330 0.1262740 0.1315800 0.1029260 0.1009280 0.0950545 0.1089470 0.1114150 0.1045080 0.0736501 0.0779671 0.0756745 0.1015040 0.1271400 0.0996178 0.0756081 0.0000000 0.0696220 0.1073220 0.1012640
0.7252260 0.1145220 0.1218860 0.1170780 0.1019160 0.0806173 0.0860537 0.1040430 0.0953406 0.1093540 0.0692362 0.0705243 0.0803535 0.0927992 0.1266990 0.1012950 0.0905371 0.0696220 0.0000000 0.0814990 0.0888484
0.7202430 0.1185400 0.1076060 0.0911759 0.1089620 0.1005240 0.1086230 0.1052840 0.1255160 0.1098490 0.0962475 0.0836187 0.0654676 0.1102220 0.1210910 0.1078170 0.0881372 0.1073220 0.0814990 0.0000000 0.0923065
0.7199740 0.0919025 0.1292730 0.1193870 0.0768352 0.0951833 0.0686079 0.0854874 0.0950881 0.0916007 0.0615453 0.0987549 0.0898685 0.0786666 0.0699263 0.0791424 0.0902349 0.1012640 0.0888484 0.0923065 0.0000000
