- A C D E F G H I K L M N P Q R S T V W Y
0.0000000 0.7341270 0.7370530 0.7317100 0.7271060 0.7367080 0.7484410 0.7233850 0.7126710 0.7351150 0.7257380 0.7324350 0.7410780 0.7321550 0.7384010 0.7369660 0.7418780 0.7358980 0.7344740 0.7311020 0.7455930
0.7341270 0.0000000 0.1234020 0.0787211 0.0859302 0.0806350 0.0713182 0.1099760 0.1370150 0.1074840 0.0831960 0.0832054 0.0862941 0.0977507 0.0800444 0.0820879 0.0738143 0.0651576 0.0775450 0.1060280 0.0903240
0.7370530 0.1234020 0.0000000 0.1476450 0.1180130 0.0977943 0.1345470 0.0974352 0.1258680 0.0819377 0.1387690 0.0819799 0.1478810 0.0995703 0.1231650 0.1189530 0.1352400 0.1415440 0.0959980 0.1054000 0.1358430
0.7317100 0.0787211 0.1476450 0.0000000 0.0768579 0.0785168 0.0836745 0.1342380 0.1466950 0.1327400 0.0981686 0.1089570 0.0699768 0.1181840 0.0975020 0.1174890 0.0816928 0.0666597 0.0848604 0.1137880 0.1047140
0.7271060 0.0859302 0.1180130 0.0768579 0.0000000 0.0796671 0.1066250 0.1244520 0.1619750 0.1023130 0.1083350 0.0837636 0.0950028 0.1228930 0.1021090 0.1201440 0.1034800 0.0892752 0.0746650 0.1123770 0.1203280
0.7367080 0.0806350 0.0977943 0.0785168 0.0796671 0.0000000 0.0754202 0.1045790 0.1266230 0.1000930 0.0936655 0.0668280 0.0858476 0.0926369 0.0701217 0.0978636 0.0691909 0.0773482 0.0640488 0.0834376 0.0754398
0.7484410 0.0713182 0.1345470 0.0836745 0.1066250 0.0754202 0.0000000 0.1222750 0.1448170 0.1046870 0.0805558 0.0949516 0.0629261 0.0989108 0.0755757 0.0836518 0.0440159 0.0632188 0.0841475 0.1121910 0.0530227
0.7233850 0.1099760 0.0974352 0.1342380 0.1244520 0.1045790 0.1222750 0.0000000 0.1499960 0.1143310 0.1344350 0.1034280 0.1369200 0.1202870 0.1380390 0.1137680 0.1190660 0.1391830 0.1053040 0.1048010 0.1233700
0.7126710 0.1370150 0.1258680 0.1466950 0.1619750 0.1266230 0.1448170 0.1499960 0.0000000 0.1463850 0.1406790 0.1304930 0.1579780 0.0893125 0.1321650 0.1405180 0.1504420 0.1437920 0.1216140 0.1296020 0.1429240
0.7351150 0.1074840 0.0819377 0.1327400 0.1023130 0.1000930 0.1046870 0.1143310 0.1463850 0.0000000 0.1201580 0.0819864 0.1095890 0.1043680 0.1091030 0.0993310 0.1066470 0.1190390 0.0983989 0.1158120 0.1103030
0.7257380 0.0831960 0.1387690 0.0981686 0.1083350 0.0936655 0.0805558 0.1344350 0.1406790 0.1201580 0.0000000 0.1015700 0.0902526 0.1106170 0.1009800 0.1173290 0.0875148 0.0724319 0.0815870 0.1083410 0.1073970
0.7324350 0.0832054 0.0819799 0.1089570 0.0837636 0.0668280 0.0949516 0.1034280 0.1304930 0.0819864 0.1015700 0.0000000 0.1089950 0.0913887 0.0772179 0.0869099 0.0984802 0.1007990 0.0659111 0.1048930 0.0958169
0.7410780 0.0862941 0.1478810 0.0699768 0.0950028 0.0858476 0.0629261 0.1369200 0.1579780 0.1095890 0.0902526 0.1089950 0.0000000 0.1193870 0.0942998 0.0963204 0.0591393 0.0706052 0.0931800 0.1130040 0.0876347
0.7321550 0.0977507 0.0995703 0.1181840 0.1228930 0.0926369 0.0989108 0.1202870 0.0893125 0.1043680 0.1106170 0.0913887 0.1193870 0.0000000 0.1034030 0.1171380 0.1024940 0.1061400 0.0729017 0.1182300 0.1048950
0.7384010 0.0800444 0.1231650 0.0975020 0.1021090 0.0701217 0.0755757 0.1380390 0.1321650 0.1091030 0.1009800 0.0772179 0.0942998 0.1034030 0.0000000 0.0966609 0.0785833 0.0765627 0.0890790 0.1062690 0.0807772
0.7369660 0.0820879 0.1189530 0.1174890 0.1201440 0.0978636 0.0836518 0.1137680 0.1405180 0.0993310 0.1173290 0.0869099 0.0963204 0.1171380 0.0966609 0.0000000 0.0940065 0.1138840 0.1077520 0.1140690 0.0985145
0.7418780 0.0738143 0.1352400 0.0816928 0.1034800 0.0691909 0.0440159 0.1190660 0.1504420 0.1066470 0.0875148 0.0984802 0.0591393 0.1024940 0.0785833 0.0940065 0.0000000 0.0709625 0.0926630 0.0972568 0.0638543
0.7358980 0.0651576 0.1415440 0.0666597 0.0892752 0.0773482 0.0632188 0.1391830 0.1437920 0.1190390 0.0724319 0.1007990 0.0706052 0.1061400 0.0765627 0.1138840 0.0709625 0.0000000 0.0792030 0.1204410 0.0806565
0.7344740 0.0775450 0.0959980 0.0848604 0.0746650 0.0640488 0.0841475 0.1053040 0.1216140 0.0983989 0.0815870 0.0659111 0.0931800 0.0729017 0.0890790 0.1077520 0.0926630 0.0792030 0.0000000 0.0982622 0.0946799
0.7311020 0.1060280 0.1054000 0.1137880 0.1123770 0.0834376 0.1121910 0.1048010 0.1296020 0.1158120 0.1083410 0.1048930 0.1130040 0.1182300 0.1062690 0.1140690 0.0972568 0.1204410 0.0982622 0.0000000 0.1196010
0.7455930 0.0903240 0.1358430 0.1047140 0.1203280 0.0754398 0.0530227 0.1233700 0.1429240 0.1103030 0.1073970 0.0958169 0.0876347 0.1048950 0.0807772 0.0985145 0.0638543 0.0806565 0.0946799 0.1196010 0.0000000
